Par 11-12
11	12
11	13	14	12
11	13	9	12
11	13	14	6	10	9	12
Par 11-13
11	13
11	12	14	13
11	12	9	13
11	12	9	10	6	14	13
Par 11-14
11	12	14
11	13	14
11	12	9	13	14
11	13	9	12	14
Par 11-1
11	4	2	1
11	12	9	8	1
11	13	9	8	1
11	12	14	13	9	8	1
Par 11-2
11	4	2
11	12	9	8	7	5	4	2
11	13	9	8	7	5	4	2
11	12	14	13	9	8	7	5	4	2
Par 11-3
11	4	2	3
11	12	14	6	3
11	13	14	6	3
11	12	9	10	6	3
Par 11-4
11	4
11	12	9	8	7	5	4
11	13	9	8	7	5	4
11	12	14	13	9	8	7	5	4
Par 11-5
11	4	5
11	12	9	8	7	5
11	13	9	8	7	5
11	12	14	13	9	8	7	5
Par 11-6
11	12	14	6
11	13	14	6
11	12	9	10	6
11	13	9	10	6
Par 11-7
11	12	9	8	7
11	13	9	8	7
11	12	14	13	9	8	7
11	12	9	10	7
Par 11-8
11	12	9	8
11	13	9	8
11	12	14	13	9	8
11	13	14	12	9	8
Par 11-9
11	12	9
11	13	9
11	12	14	13	9
11	13	14	12	9
Par 11-10
11	12	9	10
11	13	9	10
11	12	14	13	9	10
11	13	14	12	9	10
Par 12-11
12	11
12	14	13	11
12	9	13	11
12	9	10	6	14	13	11
Par 12-13
12	14	13
12	9	13
12	11	13
12	9	10	6	14	13
Par 12-14
12	14
12	9	13	14
12	11	13	14
12	9	10	6	14
Par 12-1
12	9	8	1
12	14	13	9	8	1
12	11	4	2	1
12	9	8	7	5	4	2	1
Par 12-2
12	11	4	2
12	9	8	7	5	4	2
12	14	13	11	4	2
12	9	13	11	4	2
Par 12-3
12	14	6	3
12	9	10	6	3
12	11	4	2	3
12	14	13	9	10	6	3
Par 12-4
12	11	4
12	9	8	7	5	4
12	14	13	11	4
12	9	13	11	4
Par 12-5
12	9	8	7	5
12	14	13	9	8	7	5
12	9	10	7	5
12	11	4	5
Par 12-6
12	14	6
12	9	10	6
12	14	13	9	10	6
12	9	13	14	6
Par 12-7
12	9	8	7
12	14	13	9	8	7
12	9	10	7
12	14	13	9	10	7
Par 12-8
12	9	8
12	14	13	9	8
12	11	13	9	8
12	9	10	7	8
Par 12-9
12	9
12	14	13	9
12	11	13	9
12	14	6	10	9
Par 12-10
12	9	10
12	14	13	9	10
12	11	13	9	10
12	9	8	7	10
Par 13-11
13	11
13	14	12	11
13	9	12	11
13	14	6	10	9	12	11
Par 13-12
13	14	12
13	9	12
13	11	12
13	14	6	10	9	12
Par 13-14
13	14
13	9	12	14
13	11	12	14
13	9	10	6	14
Par 13-1
13	9	8	1
13	14	12	9	8	1
13	11	4	2	1
13	9	8	7	5	4	2	1
Par 13-2
13	11	4	2
13	14	12	11	4	2
13	9	8	7	5	4	2
13	9	12	11	4	2
Par 13-3
13	14	6	3
13	9	10	6	3
13	11	4	2	3
13	14	12	9	10	6	3
Par 13-4
13	11	4
13	14	12	11	4
13	9	8	7	5	4
13	9	12	11	4
Par 13-5
13	9	8	7	5
13	14	12	9	8	7	5
13	9	10	7	5
13	14	6	5
Par 13-6
13	14	6
13	9	10	6
13	14	12	9	10	6
13	9	12	14	6
Par 13-7
13	9	8	7
13	14	12	9	8	7
13	9	10	7
13	14	12	9	10	7
Par 13-8
13	9	8
13	14	12	9	8
13	11	12	9	8
13	9	10	7	8
Par 13-9
13	9
13	14	12	9
13	11	12	9
13	14	6	10	9
Par 13-10
13	9	10
13	14	12	9	10
13	11	12	9	10
13	14	6	10
Par 14-11
14	13	11
14	12	11
14	13	9	12	11
14	12	9	13	11
Par 14-12
14	12
14	13	9	12
14	13	11	12
14	6	10	9	12
Par 14-13
14	13
14	12	9	13
14	12	11	13
14	6	10	9	13
Par 14-1
14	13	9	8	1
14	12	9	8	1
14	13	11	4	2	1
14	12	11	4	2	1
Par 14-2
14	13	11	4	2
14	12	11	4	2
14	13	9	8	7	5	4	2
14	12	9	8	7	5	4	2
Par 14-3
14	6	3
14	13	9	10	6	3
14	12	9	10	6	3
14	13	11	4	2	3
Par 14-4
14	13	11	4
14	12	11	4
14	13	9	8	7	5	4
14	12	9	8	7	5	4
Par 14-5
14	13	9	8	7	5
14	12	9	8	7	5
14	6	5
14	13	9	10	7	5
Par 14-6
14	6
14	13	9	10	6
14	12	9	10	6
14	13	11	12	9	10	6
Par 14-7
14	13	9	8	7
14	12	9	8	7
14	13	9	10	7
14	12	9	10	7
Par 14-8
14	13	9	8
14	12	9	8
14	13	11	12	9	8
14	12	11	13	9	8
Par 14-9
14	13	9
14	12	9
14	13	11	12	9
14	12	11	13	9
Par 14-10
14	13	9	10
14	12	9	10
14	13	11	12	9	10
14	12	11	13	9	10
Par 1-11
1	2	4	11
1	8	9	12	11
1	8	9	13	11
1	8	9	13	14	12	11
Par 1-12
1	8	9	12
1	8	9	13	14	12
1	2	4	11	12
1	8	9	13	11	12
Par 1-13
1	8	9	13
1	8	9	12	14	13
1	2	4	11	13
1	8	9	12	11	13
Par 1-14
1	8	9	13	14
1	8	9	12	14
1	2	4	11	12	14
1	2	4	11	13	14
Par 1-2
1	2
1	3	2
1	8	7	5	4	2
1	3	6	5	4	2
Par 1-3
1	3
1	2	3
1	2	4	5	6	3
1	8	7	5	4	2	3
Par 1-4
1	2	4
1	3	2	4
1	8	7	5	4
1	3	6	5	4
Par 1-5
1	2	4	5
1	3	2	4	5
1	8	7	5
1	3	6	5
Par 1-6
1	3	6
1	2	3	6
1	2	4	5	6
1	3	2	4	5	6
Par 1-7
1	2	4	5	7
1	8	7
1	3	2	4	5	7
1	3	6	5	7
Par 1-8
1	8
1	2	4	5	7	8
1	3	2	4	5	7	8
1	2	4	11	12	9	8
Par 1-9
1	8	9
1	2	4	5	7	8	9
1	2	4	11	12	9
1	2	4	11	13	9
Par 1-10
1	8	9	10
1	2	4	5	7	10
1	3	6	10
1	8	7	10
Par 2-11
2	4	11
2	4	5	7	8	9	12	11
2	4	5	7	8	9	13	11
2	4	5	7	8	9	13	14	12	11
Par 2-12
2	4	11	12
2	4	5	7	8	9	12
2	4	11	13	14	12
2	4	11	13	9	12
Par 2-13
2	4	11	13
2	4	5	7	8	9	13
2	4	11	12	14	13
2	4	11	12	9	13
Par 2-14
2	4	11	12	14
2	4	11	13	14
2	4	5	7	8	9	13	14
2	4	11	12	9	13	14
Par 2-1
2	1
2	3	1
2	4	5	7	8	1
2	4	5	6	3	1
Par 2-3
2	3
2	1	3
2	4	5	6	3
2	4	5	7	10	6	3
Par 2-4
2	4
2	3	6	5	4
2	1	8	7	5	4
2	3	6	10	7	5	4
Par 2-5
2	4	5
2	3	6	5
2	1	8	7	5
2	3	6	10	7	5
Par 2-6
2	3	6
2	4	5	6
2	1	3	6
2	4	5	7	10	6
Par 2-7
2	4	5	7
2	1	8	7
2	3	6	5	7
2	3	6	10	7
Par 2-8
2	4	5	7	8
2	1	8
2	4	11	12	9	8
2	3	1	8
Par 2-9
2	4	5	7	8	9
2	4	11	12	9
2	4	11	13	9
2	4	5	7	10	9
Par 2-10
2	4	5	7	10
2	3	6	10
2	4	5	6	10
2	4	5	7	8	9	10
Par 3-11
3	2	4	11
3	6	14	13	11
3	6	10	9	12	11
3	6	14	12	11
Par 3-12
3	2	4	11	12
3	6	14	12
3	6	10	9	12
3	2	4	5	7	8	9	12
Par 3-13
3	6	14	13
3	6	10	9	13
3	2	4	11	13
3	6	10	9	12	14	13
Par 3-14
3	6	14
3	6	10	9	13	14
3	2	4	11	12	14
3	6	10	9	12	14
Par 3-1
3	1
3	2	1
3	6	5	4	2	1
3	2	4	5	7	8	1
Par 3-2
3	2
3	1	2
3	6	5	4	2
3	6	10	7	5	4	2
Par 3-4
3	2	4
3	1	2	4
3	6	5	4
3	6	10	7	5	4
Par 3-5
3	2	4	5
3	6	5
3	1	2	4	5
3	6	10	7	5
Par 3-6
3	6
3	2	4	5	6
3	2	4	5	7	10	6
3	1	2	4	5	6
Par 3-7
3	2	4	5	7
3	6	5	7
3	6	10	7
3	1	2	4	5	7
Par 3-8
3	2	4	5	7	8
3	1	8
3	2	1	8
3	6	5	7	8
Par 3-9
3	6	10	9
3	2	4	5	7	8	9
3	6	14	13	9
3	2	4	11	12	9
Par 3-10
3	6	10
3	2	4	5	7	10
3	2	4	5	6	10
3	6	14	13	9	10
Par 4-11
4	11
4	5	7	8	9	12	11
4	5	7	8	9	13	11
4	5	7	8	9	13	14	12	11
Par 4-12
4	11	12
4	5	7	8	9	12
4	11	13	14	12
4	11	13	9	12
Par 4-13
4	11	13
4	5	7	8	9	13
4	11	12	14	13
4	11	12	9	13
Par 4-14
4	11	12	14
4	11	13	14
4	5	7	8	9	13	14
4	11	12	9	13	14
Par 4-1
4	2	1
4	2	3	1
4	5	7	8	1
4	5	6	3	1
Par 4-2
4	2
4	5	6	3	2
4	5	7	8	1	2
4	5	7	10	6	3	2
Par 4-3
4	2	3
4	2	1	3
4	5	6	3
4	5	7	10	6	3
Par 4-5
4	5
4	2	3	6	5
4	11	12	9	8	7	5
4	11	13	9	8	7	5
Par 4-6
4	5	6
4	2	3	6
4	5	7	10	6
4	5	7	8	9	10	6
Par 4-7
4	5	7
4	5	6	10	7
4	11	12	9	8	7
4	11	13	9	8	7
Par 4-8
4	5	7	8
4	11	12	9	8
4	11	13	9	8
4	5	7	10	9	8
Par 4-9
4	5	7	8	9
4	11	12	9
4	11	13	9
4	5	7	10	9
Par 4-10
4	5	7	10
4	5	6	10
4	5	7	8	9	10
4	11	12	9	10
Par 5-11
5	4	11
5	7	8	9	12	11
5	7	8	9	13	11
5	7	8	9	13	14	12	11
Par 5-12
5	7	8	9	12
5	7	8	9	13	14	12
5	7	10	9	12
5	4	11	12
Par 5-13
5	7	8	9	13
5	7	8	9	12	14	13
5	7	10	9	13
5	6	14	13
Par 5-14
5	7	8	9	13	14
5	7	8	9	12	14
5	6	14
5	7	10	9	13	14
Par 5-1
5	4	2	1
5	4	2	3	1
5	7	8	1
5	6	3	1
Par 5-2
5	4	2
5	6	3	2
5	7	8	1	2
5	7	10	6	3	2
Par 5-3
5	4	2	3
5	6	3
5	4	2	1	3
5	7	10	6	3
Par 5-4
5	4
5	6	3	2	4
5	7	8	9	12	11	4
5	7	8	9	13	11	4
Par 5-6
5	6
5	7	10	6
5	4	2	3	6
5	7	8	9	10	6
Par 5-7
5	7
5	6	10	7
5	6	10	9	8	7
5	4	11	12	9	8	7
Par 5-8
5	7	8
5	7	10	9	8
5	6	10	9	8
5	4	11	12	9	8
Par 5-9
5	7	8	9
5	7	10	9
5	6	10	9
5	4	11	12	9
Par 5-10
5	7	10
5	6	10
5	7	8	9	10
5	4	11	12	9	10
Par 6-11
6	14	13	11
6	10	9	12	11
6	14	12	11
6	10	9	13	11
Par 6-12
6	14	12
6	10	9	12
6	14	13	9	12
6	10	9	13	14	12
Par 6-13
6	14	13
6	10	9	13
6	10	9	12	14	13
6	14	12	9	13
Par 6-14
6	14
6	10	9	13	14
6	10	9	12	14
6	10	9	12	11	13	14
Par 6-1
6	3	1
6	3	2	1
6	5	4	2	1
6	5	4	2	3	1
Par 6-2
6	3	2
6	5	4	2
6	3	1	2
6	10	7	5	4	2
Par 6-3
6	3
6	5	4	2	3
6	10	7	5	4	2	3
6	5	4	2	1	3
Par 6-4
6	5	4
6	3	2	4
6	10	7	5	4
6	10	9	8	7	5	4
Par 6-5
6	5
6	10	7	5
6	3	2	4	5
6	10	9	8	7	5
Par 6-7
6	5	7
6	10	7
6	10	9	8	7
6	14	13	9	8	7
Par 6-8
6	5	7	8
6	10	9	8
6	14	13	9	8
6	10	7	8
Par 6-9
6	10	9
6	14	13	9
6	14	12	9
6	5	7	8	9
Par 6-10
6	10
6	14	13	9	10
6	5	7	10
6	14	12	9	10
Par 7-11
7	8	9	12	11
7	8	9	13	11
7	8	9	13	14	12	11
7	10	9	12	11
Par 7-12
7	8	9	12
7	8	9	13	14	12
7	10	9	12
7	10	9	13	14	12
Par 7-13
7	8	9	13
7	8	9	12	14	13
7	10	9	13
7	10	9	12	14	13
Par 7-14
7	8	9	13	14
7	8	9	12	14
7	10	9	13	14
7	10	9	12	14
Par 7-1
7	5	4	2	1
7	8	1
7	5	4	2	3	1
7	5	6	3	1
Par 7-2
7	5	4	2
7	8	1	2
7	5	6	3	2
7	10	6	3	2
Par 7-3
7	5	4	2	3
7	5	6	3
7	10	6	3
7	5	4	2	1	3
Par 7-4
7	5	4
7	10	6	5	4
7	8	9	12	11	4
7	8	9	13	11	4
Par 7-5
7	5
7	10	6	5
7	8	9	10	6	5
7	8	9	13	14	6	5
Par 7-6
7	5	6
7	10	6
7	8	9	10	6
7	8	9	13	14	6
Par 7-8
7	8
7	10	9	8
7	5	6	10	9	8
7	5	4	11	12	9	8
Par 7-9
7	8	9
7	10	9
7	5	6	10	9
7	5	4	11	12	9
Par 7-10
7	10
7	8	9	10
7	5	6	10
7	8	9	13	14	6	10
Par 8-11
8	9	12	11
8	9	13	11
8	9	13	14	12	11
8	9	12	14	13	11
Par 8-12
8	9	12
8	9	13	14	12
8	9	13	11	12
8	7	10	9	12
Par 8-13
8	9	13
8	9	12	14	13
8	9	12	11	13
8	7	10	9	13
Par 8-14
8	9	13	14
8	9	12	14
8	9	12	11	13	14
8	9	13	11	12	14
Par 8-1
8	1
8	7	5	4	2	1
8	7	5	4	2	3	1
8	9	12	11	4	2	1
Par 8-2
8	7	5	4	2
8	1	2
8	9	12	11	4	2
8	1	3	2
Par 8-3
8	7	5	4	2	3
8	1	3
8	1	2	3
8	7	5	6	3
Par 8-4
8	7	5	4
8	9	12	11	4
8	9	13	11	4
8	9	10	7	5	4
Par 8-5
8	7	5
8	9	10	7	5
8	9	10	6	5
8	9	13	14	6	5
Par 8-6
8	7	5	6
8	9	10	6
8	9	13	14	6
8	7	10	6
Par 8-7
8	7
8	9	10	7
8	9	10	6	5	7
8	9	13	14	6	5	7
Par 8-9
8	9
8	7	10	9
8	7	5	6	10	9
8	7	5	4	11	12	9
Par 8-10
8	9	10
8	7	10
8	7	5	6	10
8	9	13	14	6	10
Par 9-11
9	12	11
9	13	11
9	13	14	12	11
9	12	14	13	11
Par 9-12
9	12
9	13	14	12
9	13	11	12
9	10	6	14	12
Par 9-13
9	13
9	12	14	13
9	12	11	13
9	10	6	14	13
Par 9-14
9	13	14
9	12	14
9	12	11	13	14
9	13	11	12	14
Par 9-1
9	8	1
9	8	7	5	4	2	1
9	12	11	4	2	1
9	13	11	4	2	1
Par 9-2
9	8	7	5	4	2
9	12	11	4	2
9	13	11	4	2
9	10	7	5	4	2
Par 9-3
9	10	6	3
9	13	14	6	3
9	8	7	5	4	2	3
9	12	14	6	3
Par 9-4
9	8	7	5	4
9	12	11	4
9	13	11	4
9	10	7	5	4
Par 9-5
9	8	7	5
9	10	7	5
9	10	6	5
9	13	14	6	5
Par 9-6
9	10	6
9	13	14	6
9	12	14	6
9	8	7	5	6
Par 9-7
9	8	7
9	10	7
9	10	6	5	7
9	13	14	6	5	7
Par 9-8
9	8
9	10	7	8
9	10	6	5	7	8
9	13	14	6	5	7	8
Par 9-10
9	10
9	8	7	10
9	13	14	6	10
9	12	14	6	10
Par 10-11
10	9	12	11
10	9	13	11
10	9	13	14	12	11
10	9	12	14	13	11
Par 10-12
10	9	12
10	9	13	14	12
10	9	13	11	12
10	6	14	12
Par 10-13
10	9	13
10	9	12	14	13
10	9	12	11	13
10	6	14	13
Par 10-14
10	9	13	14
10	9	12	14
10	9	12	11	13	14
10	9	13	11	12	14
Par 10-1
10	9	8	1
10	6	3	1
10	7	5	4	2	1
10	6	3	2	1
Par 10-2
10	7	5	4	2
10	6	3	2
10	6	5	4	2
10	9	8	7	5	4	2
Par 10-3
10	6	3
10	7	5	4	2	3
10	6	5	4	2	3
10	9	13	14	6	3
Par 10-4
10	7	5	4
10	6	5	4
10	9	8	7	5	4
10	9	12	11	4
Par 10-5
10	7	5
10	6	5
10	9	8	7	5
10	9	13	14	6	5
Par 10-6
10	6
10	9	13	14	6
10	7	5	6
10	9	12	14	6
Par 10-7
10	7
10	9	8	7
10	6	5	7
10	9	13	14	6	5	7
Par 10-8
10	9	8
10	7	8
10	6	5	7	8
10	6	14	13	9	8
Par 10-9
10	9
10	7	8	9
10	6	14	13	9
10	6	14	12	9
