node:
1
2
3
4
5
6
7
8
9
10
11
12
13
14
links:
1;2;1.0;400;12.5E+9;2100
1;3;1.0;400;12.5E+9;3000
1;8;1.0;400;12.5E+9;4800
2;1;1.0;400;12.5E+9;2100
2;3;1.0;400;12.5E+9;1200
2;4;1.0;400;12.5E+9;1500
3;1;1.0;400;12.5E+9;3000
3;2;1.0;400;12.5E+9;1200
3;6;1.0;400;12.5E+9;3600
4;2;1.0;400;12.5E+9;1500
4;5;1.0;400;12.5E+9;1200
4;11;1.0;400;12.5E+9;3900
5;4;1.0;400;12.5E+9;1200
5;6;1.0;400;12.5E+9;2400
5;7;1.0;400;12.5E+9;1200
6;3;1.0;400;12.5E+9;3600
6;5;1.0;400;12.5E+9;2400
6;10;1.0;400;12.5E+9;2100
6;14;1.0;400;12.5E+9;3600
7;5;1.0;400;12.5E+9;1200
7;8;1.0;400;12.5E+9;1500
7;10;1.0;400;12.5E+9;2700
8;1;1.0;400;12.5E+9;4800
8;7;1.0;400;12.5E+9;1500
8;9;1.0;400;12.5E+9;1500
9;8;1.0;400;12.5E+9;1500
9;10;1.0;400;12.5E+9;1500
9;12;1.0;400;12.5E+9;600
9;13;1.0;400;12.5E+9;600
10;6;1.0;400;12.5E+9;2100
10;7;1.0;400;12.5E+9;2700
10;9;1.0;400;12.5E+9;1500
11;4;1.0;400;12.5E+9;3900
11;12;1.0;400;12.5E+9;1200
11;13;1.0;400;12.5E+9;1500
12;9;1.0;400;12.5E+9;600
12;11;1.0;400;12.5E+9;1200
12;14;1.0;400;12.5E+9;600
13;9;1.0;400;12.5E+9;600
13;11;1.0;400;12.5E+9;1500
13;14;1.0;400;12.5E+9;300
14;6;1.0;400;12.5E+9;3600
14;12;1.0;400;12.5E+9;600
14;13;1.0;400;12.5E+9;300
