node:
1
2
3
4
5
6
7
8
9
10
11
12
13
14
15
16
17
18
19
20
21
22
23
24
25
26
27
28
links:
1;2;1.0;400;12.5E+9;500
1;4;1.0;400;12.5E+9;1300
2;1;1.0;400;12.5E+9;500
2;3;1.0;400;12.5E+9;700
3;2;1.0;400;12.5E+9;700
3;4;1.0;400;12.5E+9;700
3;11;1.0;400;12.5E+9;500
3;12;1.0;400;12.5E+9;700
4;1;1.0;400;12.5E+9;1300
4;3;1.0;400;12.5E+9;700
4;8;1.0;400;12.5E+9;700
4;12;1.0;400;12.5E+9;200
5;6;1.0;400;12.5E+9;700
5;7;1.0;400;12.5E+9;700
6;5;1.0;400;12.5E+9;700
6;10;1.0;400;12.5E+9;1500
7;5;1.0;400;12.5E+9;700
7;9;1.0;400;12.5E+9;700
8;4;1.0;400;12.5E+9;700
8;9;1.0;400;12.5E+9;500
8;13;1.0;400;12.5E+9;700
9;7;1.0;400;12.5E+9;700
9;8;1.0;400;12.5E+9;500
9;10;1.0;400;12.5E+9;1000
9;13;1.0;400;12.5E+9;700
9;15;1.0;400;12.5E+9;1000
9;16;1.0;400;12.5E+9;500
10;6;1.0;400;12.5E+9;1500
10;9;1.0;400;12.5E+9;1000
10;22;1.0;400;12.5E+9;1000
11;3;1.0;400;12.5E+9;500
11;12;1.0;400;12.5E+9;500
11;14;1.0;400;12.5E+9;700
11;17;1.0;400;12.5E+9;1000
11;18;1.0;400;12.5E+9;700
12;3;1.0;400;12.5E+9;700
12;4;1.0;400;12.5E+9;200
12;11;1.0;400;12.5E+9;500
12;13;1.0;400;12.5E+9;500
13;8;1.0;400;12.5E+9;700
13;9;1.0;400;12.5E+9;700
13;12;1.0;400;12.5E+9;500
13;14;1.0;400;12.5E+9;200
13;15;1.0;400;12.5E+9;500
14;11;1.0;400;12.5E+9;700
14;13;1.0;400;12.5E+9;200
14;15;1.0;400;12.5E+9;500
14;19;1.0;400;12.5E+9;200
15;9;1.0;400;12.5E+9;1000
15;13;1.0;400;12.5E+9;500
15;14;1.0;400;12.5E+9;500
15;20;1.0;400;12.5E+9;500
15;21;1.0;400;12.5E+9;700
16;9;1.0;400;12.5E+9;500
16;21;1.0;400;12.5E+9;500
16;22;1.0;400;12.5E+9;700
17;11;1.0;400;12.5E+9;1000
17;23;1.0;400;12.5E+9;1000
18;11;1.0;400;12.5E+9;700
18;19;1.0;400;12.5E+9;500
18;24;1.0;400;12.5E+9;1000
19;14;1.0;400;12.5E+9;200
19;18;1.0;400;12.5E+9;500
19;20;1.0;400;12.5E+9;500
20;15;1.0;400;12.5E+9;500
20;19;1.0;400;12.5E+9;500
20;25;1.0;400;12.5E+9;700
21;15;1.0;400;12.5E+9;700
21;16;1.0;400;12.5E+9;500
21;26;1.0;400;12.5E+9;500
22;10;1.0;400;12.5E+9;1000
22;16;1.0;400;12.5E+9;700
22;27;1.0;400;12.5E+9;500
23;17;1.0;400;12.5E+9;1000
23;24;1.0;400;12.5E+9;1000
24;18;1.0;400;12.5E+9;1000
24;23;1.0;400;12.5E+9;1000
25;20;1.0;400;12.5E+9;700
25;26;1.0;400;12.5E+9;1000
25;28;1.0;400;12.5E+9;1800
26;21;1.0;400;12.5E+9;500
26;25;1.0;400;12.5E+9;1000
26;27;1.0;400;12.5E+9;700
27;22;1.0;400;12.5E+9;500
27;26;1.0;400;12.5E+9;700
27;28;1.0;400;12.5E+9;1500
28;25;1.0;400;12.5E+9;1800
28;27;1.0;400;12.5E+9;1500
