node:
1
2
3
4
5
6
7
8
9
10
11
12
13
14
15
16
17
18
19
20
21
22
23
24
links:
1;2;1.0;400;12.5E+9;800
1;6;1.0;400;12.5E+9;1000
2;1;1.0;400;12.5E+9;800
2;3;1.0;400;12.5E+9;1100
2;6;1.0;400;12.5E+9;950
3;2;1.0;400;12.5E+9;1100
3;4;1.0;400;12.5E+9;250
3;5;1.0;400;12.5E+9;1100
3;7;1.0;400;12.5E+9;1000
4;3;1.0;400;12.5E+9;250
4;5;1.0;400;12.5E+9;800
4;7;1.0;400;12.5E+9;850
5;3;1.0;400;12.5E+9;1100
5;4;1.0;400;12.5E+9;800
5;8;1.0;400;12.5E+9;1200
6;1;1.0;400;12.5E+9;1000
6;2;1.0;400;12.5E+9;950
6;7;1.0;400;12.5E+9;1100
6;9;1.0;400;12.5E+9;1200
6;11;1.0;400;12.5E+9;1900
7;3;1.0;400;12.5E+9;1000
7;4;1.0;400;12.5E+9;850
7;6;1.0;400;12.5E+9;1100
7;8;1.0;400;12.5E+9;1150
7;9;1.0;400;12.5E+9;1000
8;5;1.0;400;12.5E+9;1200
8;7;1.0;400;12.5E+9;1150
8;10;1.0;400;12.5E+9;900
9;6;1.0;400;12.5E+9;1200
9;7;1.0;400;12.5E+9;1000
9;10;1.0;400;12.5E+9;1000
9;11;1.0;400;12.5E+9;1400
9;12;1.0;400;12.5E+9;1000
10;8;1.0;400;12.5E+9;900
10;9;1.0;400;12.5E+9;1000
10;13;1.0;400;12.5E+9;950
10;14;1.0;400;12.5E+9;850
11;6;1.0;400;12.5E+9;1900
11;9;1.0;400;12.5E+9;1400
11;12;1.0;400;12.5E+9;900
11;15;1.0;400;12.5E+9;1400
11;19;1.0;400;12.5E+9;2600
12;9;1.0;400;12.5E+9;1000
12;11;1.0;400;12.5E+9;900
12;13;1.0;400;12.5E+9;900
12;16;1.0;400;12.5E+9;1000
13;10;1.0;400;12.5E+9;950
13;12;1.0;400;12.5E+9;900
13;14;1.0;400;12.5E+9;650
13;17;1.0;400;12.5E+9;1100
14;10;1.0;400;12.5E+9;850
14;13;1.0;400;12.5E+9;650
14;18;1.0;400;12.5E+9;1200
15;11;1.0;400;12.5E+9;1400
15;16;1.0;400;12.5E+9;600
15;20;1.0;400;12.5E+9;1400
16;12;1.0;400;12.5E+9;1000
16;15;1.0;400;12.5E+9;600
16;17;1.0;400;12.5E+9;1000
16;21;1.0;400;12.5E+9;1000
16;22;1.0;400;12.5E+9;800
17;13;1.0;400;12.5E+9;1100
17;16;1.0;400;12.5E+9;1000
17;18;1.0;400;12.5E+9;800
17;22;1.0;400;12.5E+9;850
17;23;1.0;400;12.5E+9;1000
18;14;1.0;400;12.5E+9;1200
18;17;1.0;400;12.5E+9;800
18;24;1.0;400;12.5E+9;900
19;11;1.0;400;12.5E+9;2600
19;20;1.0;400;12.5E+9;1200
20;15;1.0;400;12.5E+9;1400
20;19;1.0;400;12.5E+9;1200
20;21;1.0;400;12.5E+9;700
21;16;1.0;400;12.5E+9;1000
21;20;1.0;400;12.5E+9;700
21;22;1.0;400;12.5E+9;400
22;16;1.0;400;12.5E+9;800
22;17;1.0;400;12.5E+9;850
22;21;1.0;400;12.5E+9;400
22;23;1.0;400;12.5E+9;600
23;17;1.0;400;12.5E+9;1000
23;22;1.0;400;12.5E+9;600
23;24;1.0;400;12.5E+9;900
24;18;1.0;400;12.5E+9;900
24;23;1.0;400;12.5E+9;900
