Par 22-23
22	16	9	13	14	19	18	24	23
22	16	9	13	14	11	17	23
22	16	9	13	12	11	17	23
22	16	9	13	12	11	17	23
Par 22-24
22	16	9	13	14	19	18	24
22	16	21	15	14	19	18	24
22	16	9	8	13	14	19	18	24
22	16	21	15	13	14	19	18	24
Par 22-25
22	27	26	25
22	16	21	26	25
22	16	21	15	20	25
22	16	9	15	20	25
Par 22-26
22	27	26
22	16	21	26
22	16	9	15	21	26
22	10	9	16	21	26
Par 22-27
22	27
22	16	21	26	27
22	16	9	15	21	26	27
22	10	9	16	21	26	27
Par 22-28
22	27	28
22	16	21	26	27	28
22	27	26	25	28
22	16	21	26	25	28
Par 22-10
22	10
22	16	9	10
22	27	26	21	16	9	10
22	16	21	15	9	10
Par 22-11
22	16	9	13	14	11
22	16	9	13	12	11
22	16	21	15	14	11
22	16	9	8	4	12	11
Par 22-12
22	16	9	13	12
22	16	9	8	4	12
22	16	21	15	13	12
22	16	21	15	13	12
Par 22-13
22	16	9	13
22	16	21	15	13
22	16	9	8	13
22	16	21	15	14	13
Par 22-14
22	16	9	13	14
22	16	21	15	14
22	16	9	8	13	14
22	16	21	15	13	14
Par 22-15
22	16	21	15
22	16	9	15
22	27	26	21	15
22	27	26	21	15
Par 22-16
22	16
22	27	26	21	16
22	10	9	16
22	27	26	21	15	9	16
Par 22-17
22	16	9	13	14	11	17
22	16	9	13	12	11	17
22	16	21	15	14	11	17
22	16	9	8	4	12	11	17
Par 22-18
22	16	9	13	14	19	18
22	16	21	15	14	19	18
22	16	9	8	13	14	19	18
22	16	21	15	13	14	19	18
Par 22-19
22	16	9	13	14	19
22	16	21	15	14	19
22	16	9	8	13	14	19
22	16	21	15	13	14	19
Par 22-1
22	16	9	8	4	1
22	16	9	13	12	4	1
22	16	9	8	4	3	2	1
22	16	9	13	12	3	2	1
Par 22-2
22	16	9	13	12	3	2
22	16	9	8	4	3	2
22	16	9	13	14	11	3	2
22	16	9	13	12	4	3	2
Par 22-3
22	16	9	13	12	3
22	16	9	8	4	3
22	16	9	13	14	11	3
22	16	9	13	12	4	3
Par 22-4
22	16	9	8	4
22	16	9	13	12	4
22	16	21	15	13	12	4
22	16	9	8	13	12	4
Par 22-5
22	16	9	7	5
22	10	6	5
22	10	9	7	5
22	27	26	21	16	9	7	5
Par 22-6
22	10	6
22	16	9	7	5	6
22	16	9	10	6
22	10	9	7	5	6
Par 22-7
22	16	9	7
22	10	9	7
22	27	26	21	16	9	7
22	16	21	15	9	7
Par 22-8
22	16	9	8
22	10	9	8
22	16	9	13	8
22	16	21	15	13	8
Par 22-9
22	16	9
22	10	9
22	27	26	21	16	9
22	16	21	15	9
Par 22-20
22	16	21	15	20
22	16	9	15	20
22	16	9	13	14	19	20
22	27	26	25	20
Par 22-21
22	16	21
22	27	26	21
22	16	9	15	21
22	10	9	16	21
Par 23-22
23	17	11	14	13	9	16	22
23	24	18	19	14	13	9	16	22
23	17	11	12	13	9	16	22
23	17	11	14	15	21	16	22
Par 23-24
23	24
23	17	11	18	24
23	17	11	14	19	18	24
23	17	11	12	13	14	19	18	24
Par 23-25
23	24	18	19	20	25
23	17	11	14	19	20	25
23	24	18	19	14	15	20	25
23	17	11	18	19	20	25
Par 23-26
23	17	11	14	15	21	26
23	24	18	19	14	15	21	26
23	17	11	14	13	15	21	26
23	24	18	19	14	13	15	21	26
Par 23-27
23	17	11	14	15	21	26	27
23	24	18	19	14	15	21	26	27
23	17	11	14	13	15	21	26	27
23	24	18	19	14	13	15	21	26	27
Par 23-28
23	24	18	19	20	25	28
23	17	11	14	19	20	25	28
23	24	18	19	14	15	20	25	28
23	17	11	18	19	20	25	28
Par 23-10
23	17	11	14	13	9	10
23	24	18	19	14	13	9	10
23	17	11	12	13	9	10
23	17	11	12	4	8	9	10
Par 23-11
23	17	11
23	24	18	11
23	24	18	19	14	11
23	24	18	19	14	13	12	11
Par 23-12
23	17	11	12
23	24	18	11	12
23	17	11	3	12
23	24	18	19	14	13	12
Par 23-13
23	17	11	14	13
23	24	18	19	14	13
23	17	11	12	13
23	24	18	11	14	13
Par 23-14
23	17	11	14
23	24	18	19	14
23	17	11	12	13	14
23	24	18	11	14
Par 23-15
23	17	11	14	15
23	24	18	19	14	15
23	17	11	14	13	15
23	24	18	19	14	13	15
Par 23-16
23	17	11	14	13	9	16
23	24	18	19	14	13	9	16
23	17	11	12	13	9	16
23	17	11	14	15	21	16
Par 23-17
23	17
23	24	18	11	17
23	24	18	19	14	11	17
23	24	18	19	14	13	12	11	17
Par 23-18
23	24	18
23	17	11	18
23	17	11	14	19	18
23	17	11	12	13	14	19	18
Par 23-19
23	24	18	19
23	17	11	14	19
23	17	11	18	19
23	17	11	12	13	14	19
Par 23-1
23	17	11	3	2	1
23	17	11	12	4	1
23	24	18	11	3	2	1
23	24	18	11	3	2	1
Par 23-2
23	17	11	3	2
23	24	18	11	3	2
23	17	11	12	3	2
23	17	11	12	4	3	2
Par 23-3
23	17	11	3
23	24	18	11	3
23	17	11	12	3
23	17	11	12	4	3
Par 23-4
23	17	11	12	4
23	17	11	3	4
23	24	18	11	12	4
23	24	18	11	12	4
Par 23-5
23	17	11	14	13	9	7	5
23	24	18	19	14	13	9	7	5
23	17	11	12	13	9	7	5
23	17	11	12	4	8	9	7	5
Par 23-6
23	17	11	14	13	9	7	5	6
23	24	18	19	14	13	9	7	5	6
23	17	11	12	13	9	7	5	6
23	17	11	12	4	8	9	7	5	6
Par 23-7
23	17	11	14	13	9	7
23	24	18	19	14	13	9	7
23	17	11	12	13	9	7
23	17	11	12	4	8	9	7
Par 23-8
23	17	11	12	4	8
23	24	18	19	14	13	8
23	17	11	14	13	8
23	17	11	12	13	8
Par 23-9
23	17	11	14	13	9
23	24	18	19	14	13	9
23	17	11	12	13	9
23	17	11	12	4	8	9
Par 23-20
23	24	18	19	20
23	17	11	14	19	20
23	24	18	19	14	15	20
23	17	11	18	19	20
Par 23-21
23	17	11	14	15	21
23	24	18	19	14	15	21
23	17	11	14	13	15	21
23	24	18	19	14	13	15	21
Par 24-22
24	18	19	14	13	9	16	22
24	18	19	14	15	21	16	22
24	18	19	14	13	8	9	16	22
24	18	19	14	13	15	21	16	22
Par 24-23
24	23
24	18	11	17	23
24	18	19	14	11	17	23
24	18	19	14	13	12	11	17	23
Par 24-25
24	18	19	20	25
24	18	19	14	15	20	25
24	18	19	14	13	15	20	25
24	18	11	14	19	20	25
Par 24-26
24	18	19	14	15	21	26
24	18	19	14	13	15	21	26
24	18	19	20	25	26
24	18	19	20	25	26
Par 24-27
24	18	19	14	15	21	26	27
24	18	19	14	13	15	21	26	27
24	18	19	14	13	9	16	22	27
24	18	19	20	25	26	27
Par 24-28
24	18	19	20	25	28
24	18	19	14	15	20	25	28
24	18	19	14	13	15	20	25	28
24	18	11	14	19	20	25	28
Par 24-10
24	18	19	14	13	9	10
24	18	19	14	13	8	9	10
24	18	19	14	15	9	10
24	18	19	14	15	9	10
Par 24-11
24	18	11
24	18	19	14	11
24	18	19	14	13	12	11
24	23	17	11
Par 24-12
24	18	11	12
24	18	19	14	13	12
24	18	11	3	12
24	18	19	14	11	12
Par 24-13
24	18	19	14	13
24	18	11	14	13
24	18	19	14	15	13
24	18	11	12	13
Par 24-14
24	18	19	14
24	18	11	14
24	18	11	12	13	14
24	18	19	20	15	14
Par 24-15
24	18	19	14	15
24	18	19	14	13	15
24	18	19	20	15
24	18	19	20	15
Par 24-16
24	18	19	14	13	9	16
24	18	19	14	15	21	16
24	18	19	14	13	8	9	16
24	18	19	14	13	15	21	16
Par 24-17
24	23	17
24	18	11	17
24	18	19	14	11	17
24	18	19	14	13	12	11	17
Par 24-18
24	18
24	23	17	11	18
24	23	17	11	14	19	18
24	23	17	11	12	13	14	19	18
Par 24-19
24	18	19
24	18	11	14	19
24	18	11	12	13	14	19
24	18	11	3	12	13	14	19
Par 24-1
24	18	11	3	2	1
24	18	11	12	4	1
24	18	19	14	13	12	4	1
24	18	19	14	13	12	4	1
Par 24-2
24	18	11	3	2
24	18	19	14	11	3	2
24	18	11	12	3	2
24	18	19	14	13	12	3	2
Par 24-3
24	18	11	3
24	18	19	14	11	3
24	18	11	12	3
24	18	19	14	13	12	3
Par 24-4
24	18	11	12	4
24	18	19	14	13	12	4
24	18	11	3	4
24	18	19	14	11	12	4
Par 24-5
24	18	19	14	13	9	7	5
24	18	19	14	13	8	9	7	5
24	18	19	14	15	9	7	5
24	18	19	14	15	9	7	5
Par 24-6
24	18	19	14	13	9	7	5	6
24	18	19	14	13	9	10	6
24	18	19	14	13	8	9	7	5	6
24	18	19	14	13	8	9	7	5	6
Par 24-7
24	18	19	14	13	9	7
24	18	19	14	13	8	9	7
24	18	19	14	15	9	7
24	18	19	14	15	9	7
Par 24-8
24	18	19	14	13	8
24	18	11	12	4	8
24	18	19	14	13	9	8
24	18	11	14	13	8
Par 24-9
24	18	19	14	13	9
24	18	19	14	13	8	9
24	18	19	14	15	9
24	18	19	14	15	9
Par 24-20
24	18	19	20
24	18	19	14	15	20
24	18	19	14	13	15	20
24	18	11	14	19	20
Par 24-21
24	18	19	14	15	21
24	18	19	14	13	15	21
24	18	19	20	15	21
24	18	19	20	15	21
Par 25-22
25	26	27	22
25	26	21	16	22
25	20	15	21	16	22
25	20	15	21	16	22
Par 25-23
25	20	19	18	24	23
25	20	19	14	11	17	23
25	20	15	14	19	18	24	23
25	20	19	18	11	17	23
Par 25-24
25	20	19	18	24
25	20	15	14	19	18	24
25	20	15	13	14	19	18	24
25	20	19	14	11	18	24
Par 25-26
25	26
25	20	15	21	26
25	20	19	14	15	21	26
25	20	19	14	13	15	21	26
Par 25-27
25	26	27
25	20	15	21	26	27
25	26	21	16	22	27
25	28	27
Par 25-28
25	28
25	26	27	28
25	20	15	21	26	27	28
25	26	21	16	22	27	28
Par 25-10
25	26	27	22	10
25	20	15	9	10
25	20	19	14	13	9	10
25	20	15	13	9	10
Par 25-11
25	20	19	14	11
25	20	15	14	11
25	20	19	18	11
25	20	19	14	13	12	11
Par 25-12
25	20	19	14	13	12
25	20	15	13	12
25	20	15	14	13	12
25	20	19	14	11	12
Par 25-13
25	20	19	14	13
25	20	15	13
25	20	15	14	13
25	20	19	14	15	13
Par 25-14
25	20	19	14
25	20	15	14
25	20	15	13	14
25	26	21	15	14
Par 25-15
25	20	15
25	20	19	14	15
25	20	19	14	13	15
25	26	21	15
Par 25-16
25	26	21	16
25	20	15	21	16
25	20	15	9	16
25	20	19	14	13	9	16
Par 25-17
25	20	19	14	11	17
25	20	15	14	11	17
25	20	19	18	11	17
25	20	19	14	13	12	11	17
Par 25-18
25	20	19	18
25	20	15	14	19	18
25	20	15	13	14	19	18
25	20	19	14	11	18
Par 25-19
25	20	19
25	20	15	14	19
25	20	15	13	14	19
25	26	21	15	14	19
Par 25-1
25	20	19	14	13	12	4	1
25	20	15	13	12	4	1
25	20	19	14	11	3	2	1
25	20	15	14	13	12	4	1
Par 25-2
25	20	19	14	11	3	2
25	20	19	14	13	12	3	2
25	20	15	13	12	3	2
25	20	19	18	11	3	2
Par 25-3
25	20	19	14	11	3
25	20	19	14	13	12	3
25	20	15	13	12	3
25	20	19	18	11	3
Par 25-4
25	20	19	14	13	12	4
25	20	15	13	12	4
25	20	15	14	13	12	4
25	20	19	14	11	12	4
Par 25-5
25	20	15	9	7	5
25	20	19	14	13	9	7	5
25	20	15	13	9	7	5
25	26	21	16	9	7	5
Par 25-6
25	20	15	9	7	5	6
25	20	19	14	13	9	7	5	6
25	20	15	13	9	7	5	6
25	26	21	16	9	7	5	6
Par 25-7
25	20	15	9	7
25	20	19	14	13	9	7
25	20	15	13	9	7
25	26	21	16	9	7
Par 25-8
25	20	19	14	13	8
25	20	15	13	8
25	20	15	14	13	8
25	20	15	9	8
Par 25-9
25	20	15	9
25	20	19	14	13	9
25	20	15	13	9
25	26	21	16	9
Par 25-20
25	20
25	26	21	15	20
25	26	21	15	14	19	20
25	26	21	15	13	14	19	20
Par 25-21
25	26	21
25	20	15	21
25	20	19	14	15	21
25	20	19	14	13	15	21
Par 26-22
26	27	22
26	21	16	22
26	21	15	9	16	22
26	21	16	9	10	22
Par 26-23
26	21	15	14	19	18	24	23
26	21	15	14	11	17	23
26	21	15	13	14	19	18	24	23
26	21	15	13	14	19	18	24	23
Par 26-24
26	21	15	14	19	18	24
26	21	15	13	14	19	18	24
26	25	20	19	18	24
26	25	20	19	18	24
Par 26-25
26	25
26	21	15	20	25
26	21	15	14	19	20	25
26	21	15	13	14	19	20	25
Par 26-27
26	27
26	21	16	22	27
26	21	15	9	16	22	27
26	21	16	9	10	22	27
Par 26-28
26	27	28
26	25	28
26	21	16	22	27	28
26	21	15	20	25	28
Par 26-10
26	27	22	10
26	21	16	9	10
26	21	16	22	10
26	21	15	9	10
Par 26-11
26	21	15	14	11
26	21	15	13	14	11
26	21	15	13	12	11
26	21	15	14	13	12	11
Par 26-12
26	21	15	13	12
26	21	15	14	13	12
26	21	16	9	13	12
26	21	16	9	13	12
Par 26-13
26	21	15	13
26	21	15	14	13
26	21	16	9	13
26	21	16	9	13
Par 26-14
26	21	15	14
26	21	15	13	14
26	25	20	19	14
26	21	16	9	13	14
Par 26-15
26	21	15
26	25	20	15
26	21	16	9	15
26	21	16	9	13	15
Par 26-16
26	21	16
26	27	22	16
26	21	15	9	16
26	21	15	13	9	16
Par 26-17
26	21	15	14	11	17
26	21	15	13	14	11	17
26	21	15	13	12	11	17
26	21	15	14	13	12	11	17
Par 26-18
26	21	15	14	19	18
26	21	15	13	14	19	18
26	25	20	19	18
26	25	20	19	18
Par 26-19
26	21	15	14	19
26	21	15	13	14	19
26	25	20	19
26	25	20	19
Par 26-1
26	21	15	13	12	4	1
26	21	15	14	13	12	4	1
26	21	16	9	8	4	1
26	21	16	9	8	4	1
Par 26-2
26	21	15	13	12	3	2
26	21	15	14	11	3	2
26	21	15	13	14	11	3	2
26	21	15	13	12	4	3	2
Par 26-3
26	21	15	13	12	3
26	21	15	14	11	3
26	21	15	13	14	11	3
26	21	15	13	12	4	3
Par 26-4
26	21	15	13	12	4
26	21	15	14	13	12	4
26	21	16	9	8	4
26	21	16	9	8	4
Par 26-5
26	21	16	9	7	5
26	21	15	9	7	5
26	27	22	16	9	7	5
26	27	22	16	9	7	5
Par 26-6
26	21	16	9	7	5	6
26	27	22	10	6
26	21	16	9	10	6
26	21	16	22	10	6
Par 26-7
26	21	16	9	7
26	21	15	9	7
26	27	22	16	9	7
26	27	22	16	9	7
Par 26-8
26	21	16	9	8
26	21	15	13	8
26	21	15	14	13	8
26	21	15	9	8
Par 26-9
26	21	16	9
26	21	15	9
26	27	22	16	9
26	27	22	16	9
Par 26-20
26	25	20
26	21	15	20
26	21	15	14	19	20
26	21	15	13	14	19	20
Par 26-21
26	21
26	27	22	16	21
26	25	20	15	21
26	25	20	19	14	15	21
Par 27-22
27	22
27	26	21	16	22
27	26	21	15	9	16	22
27	26	21	16	9	10	22
Par 27-23
27	26	21	15	14	19	18	24	23
27	26	21	15	14	11	17	23
27	22	16	9	13	14	19	18	24	23
27	26	21	15	13	14	19	18	24	23
Par 27-24
27	26	21	15	14	19	18	24
27	22	16	9	13	14	19	18	24
27	26	21	15	13	14	19	18	24
27	26	25	20	19	18	24
Par 27-25
27	26	25
27	26	21	15	20	25
27	22	16	21	26	25
27	22	16	21	26	25
Par 27-26
27	26
27	22	16	21	26
27	22	16	9	15	21	26
27	22	10	9	16	21	26
Par 27-28
27	28
27	26	25	28
27	26	21	15	20	25	28
27	22	16	21	26	25	28
Par 27-10
27	22	10
27	22	16	9	10
27	26	21	16	9	10
27	26	21	16	9	10
Par 27-11
27	26	21	15	14	11
27	22	16	9	13	14	11
27	26	21	15	13	14	11
27	22	16	9	13	12	11
Par 27-12
27	22	16	9	13	12
27	26	21	15	13	12
27	22	16	9	8	4	12
27	26	21	15	14	13	12
Par 27-13
27	22	16	9	13
27	26	21	15	13
27	26	21	15	14	13
27	22	16	21	15	13
Par 27-14
27	26	21	15	14
27	22	16	9	13	14
27	26	21	15	13	14
27	22	16	21	15	14
Par 27-15
27	26	21	15
27	22	16	21	15
27	22	16	9	15
27	26	25	20	15
Par 27-16
27	22	16
27	26	21	16
27	22	10	9	16
27	26	21	15	9	16
Par 27-17
27	26	21	15	14	11	17
27	22	16	9	13	14	11	17
27	26	21	15	13	14	11	17
27	22	16	9	13	12	11	17
Par 27-18
27	26	21	15	14	19	18
27	22	16	9	13	14	19	18
27	26	21	15	13	14	19	18
27	26	25	20	19	18
Par 27-19
27	26	21	15	14	19
27	22	16	9	13	14	19
27	26	21	15	13	14	19
27	26	25	20	19
Par 27-1
27	22	16	9	8	4	1
27	26	21	15	13	12	4	1
27	22	16	9	13	12	4	1
27	26	21	15	14	13	12	4	1
Par 27-2
27	22	16	9	13	12	3	2
27	26	21	15	13	12	3	2
27	22	16	9	8	4	3	2
27	26	21	15	14	11	3	2
Par 27-3
27	22	16	9	13	12	3
27	26	21	15	13	12	3
27	22	16	9	8	4	3
27	26	21	15	14	11	3
Par 27-4
27	22	16	9	8	4
27	26	21	15	13	12	4
27	22	16	9	13	12	4
27	26	21	15	14	13	12	4
Par 27-5
27	22	16	9	7	5
27	26	21	16	9	7	5
27	22	10	6	5
27	22	10	9	7	5
Par 27-6
27	22	10	6
27	22	16	9	7	5	6
27	22	16	9	10	6
27	26	21	16	9	7	5	6
Par 27-7
27	22	16	9	7
27	26	21	16	9	7
27	22	10	9	7
27	26	21	15	9	7
Par 27-8
27	22	16	9	8
27	26	21	16	9	8
27	22	10	9	8
27	22	16	9	13	8
Par 27-9
27	22	16	9
27	26	21	16	9
27	22	10	9
27	26	21	15	9
Par 27-20
27	26	25	20
27	26	21	15	20
27	22	16	21	15	20
27	22	16	21	15	20
Par 27-21
27	26	21
27	22	16	21
27	22	16	9	15	21
27	22	10	9	16	21
Par 28-22
28	27	22
28	27	26	21	16	22
28	25	26	27	22
28	25	26	27	22
Par 28-23
28	25	20	19	18	24	23
28	25	20	19	14	11	17	23
28	25	20	15	14	19	18	24	23
28	25	20	19	18	11	17	23
Par 28-24
28	25	20	19	18	24
28	25	20	15	14	19	18	24
28	25	20	15	13	14	19	18	24
28	27	26	21	15	14	19	18	24
Par 28-25
28	25
28	27	26	25
28	27	26	21	15	20	25
28	27	22	16	21	26	25
Par 28-26
28	27	26
28	25	26
28	27	22	16	21	26
28	25	20	15	21	26
Par 28-27
28	27
28	25	26	27
28	25	20	15	21	26	27
28	25	26	21	16	22	27
Par 28-10
28	27	22	10
28	27	22	16	9	10
28	27	26	21	16	9	10
28	27	26	21	16	9	10
Par 28-11
28	25	20	19	14	11
28	25	20	15	14	11
28	25	20	19	18	11
28	25	20	19	14	13	12	11
Par 28-12
28	25	20	19	14	13	12
28	25	20	15	13	12
28	25	20	15	14	13	12
28	27	22	16	9	13	12
Par 28-13
28	25	20	19	14	13
28	25	20	15	13
28	25	20	15	14	13
28	27	22	16	9	13
Par 28-14
28	25	20	19	14
28	25	20	15	14
28	25	20	15	13	14
28	27	26	21	15	14
Par 28-15
28	25	20	15
28	27	26	21	15
28	25	20	19	14	15
28	27	22	16	21	15
Par 28-16
28	27	22	16
28	27	26	21	16
28	25	26	21	16
28	25	26	21	16
Par 28-17
28	25	20	19	14	11	17
28	25	20	15	14	11	17
28	25	20	19	18	11	17
28	25	20	19	14	13	12	11	17
Par 28-18
28	25	20	19	18
28	25	20	15	14	19	18
28	25	20	15	13	14	19	18
28	27	26	21	15	14	19	18
Par 28-19
28	25	20	19
28	25	20	15	14	19
28	25	20	15	13	14	19
28	27	26	21	15	14	19
Par 28-1
28	25	20	19	14	13	12	4	1
28	25	20	15	13	12	4	1
28	25	20	19	14	11	3	2	1
28	27	22	16	9	8	4	1
Par 28-2
28	25	20	19	14	11	3	2
28	25	20	19	14	13	12	3	2
28	25	20	15	13	12	3	2
28	25	20	19	18	11	3	2
Par 28-3
28	25	20	19	14	11	3
28	25	20	19	14	13	12	3
28	25	20	15	13	12	3
28	25	20	19	18	11	3
Par 28-4
28	25	20	19	14	13	12	4
28	25	20	15	13	12	4
28	27	22	16	9	8	4
28	27	22	16	9	8	4
Par 28-5
28	27	22	16	9	7	5
28	27	26	21	16	9	7	5
28	27	22	10	6	5
28	25	20	15	9	7	5
Par 28-6
28	27	22	10	6
28	27	22	16	9	7	5	6
28	27	22	16	9	10	6
28	27	26	21	16	9	7	5	6
Par 28-7
28	27	22	16	9	7
28	27	26	21	16	9	7
28	25	20	15	9	7
28	27	22	10	9	7
Par 28-8
28	27	22	16	9	8
28	25	20	19	14	13	8
28	27	26	21	16	9	8
28	25	20	15	13	8
Par 28-9
28	27	22	16	9
28	27	26	21	16	9
28	25	20	15	9
28	27	22	10	9
Par 28-20
28	25	20
28	27	26	25	20
28	27	26	21	15	20
28	27	22	16	21	15	20
Par 28-21
28	27	26	21
28	27	22	16	21
28	25	26	21
28	25	26	21
Par 10-22
10	22
10	9	16	22
10	9	16	21	26	27	22
10	9	15	21	16	22
Par 10-23
10	9	13	14	19	18	24	23
10	9	13	14	11	17	23
10	9	13	12	11	17	23
10	9	13	12	11	17	23
Par 10-24
10	9	13	14	19	18	24
10	9	8	13	14	19	18	24
10	9	15	14	19	18	24
10	9	13	14	11	18	24
Par 10-25
10	22	27	26	25
10	9	15	20	25
10	9	13	14	19	20	25
10	9	13	15	20	25
Par 10-26
10	22	27	26
10	9	16	21	26
10	22	16	21	26
10	9	15	21	26
Par 10-27
10	22	27
10	9	16	22	27
10	9	16	21	26	27
10	22	16	21	26	27
Par 10-28
10	22	27	28
10	9	16	22	27	28
10	9	16	21	26	27	28
10	22	16	21	26	27	28
Par 10-11
10	9	13	14	11
10	9	13	12	11
10	9	8	4	12	11
10	9	8	4	12	11
Par 10-12
10	9	13	12
10	9	8	4	12
10	9	8	13	12
10	9	15	13	12
Par 10-13
10	9	13
10	9	8	13
10	9	15	13
10	9	15	14	13
Par 10-14
10	9	13	14
10	9	8	13	14
10	9	15	14
10	9	13	15	14
Par 10-15
10	9	15
10	9	13	15
10	9	13	14	15
10	9	16	21	15
Par 10-16
10	9	16
10	22	16
10	9	15	21	16
10	22	27	26	21	16
Par 10-17
10	9	13	14	11	17
10	9	13	12	11	17
10	9	8	4	12	11	17
10	9	8	4	12	11	17
Par 10-18
10	9	13	14	19	18
10	9	8	13	14	19	18
10	9	15	14	19	18
10	9	13	14	11	18
Par 10-19
10	9	13	14	19
10	9	8	13	14	19
10	9	15	14	19
10	9	13	15	14	19
Par 10-1
10	9	8	4	1
10	9	13	12	4	1
10	9	8	4	3	2	1
10	9	13	12	3	2	1
Par 10-2
10	9	13	12	3	2
10	9	8	4	3	2
10	9	13	14	11	3	2
10	9	13	12	4	3	2
Par 10-3
10	9	13	12	3
10	9	8	4	3
10	9	13	14	11	3
10	9	13	12	4	3
Par 10-4
10	9	8	4
10	9	13	12	4
10	9	8	13	12	4
10	9	13	8	4
Par 10-5
10	6	5
10	9	7	5
10	22	16	9	7	5
10	22	27	26	21	16	9	7	5
Par 10-6
10	6
10	9	7	5	6
10	22	16	9	7	5	6
10	22	27	26	21	16	9	7	5	6
Par 10-7
10	9	7
10	6	5	7
10	22	16	9	7
10	22	27	26	21	16	9	7
Par 10-8
10	9	8
10	9	13	8
10	22	16	9	8
10	22	16	9	8
Par 10-9
10	9
10	22	16	9
10	6	5	7	9
10	22	27	26	21	16	9
Par 10-20
10	9	15	20
10	9	13	14	19	20
10	9	13	15	20
10	9	13	14	15	20
Par 10-21
10	9	16	21
10	22	16	21
10	9	15	21
10	22	27	26	21
Par 11-22
11	14	13	9	16	22
11	12	13	9	16	22
11	14	15	21	16	22
11	12	4	8	9	16	22
Par 11-23
11	17	23
11	18	24	23
11	14	19	18	24	23
11	12	13	14	19	18	24	23
Par 11-24
11	18	24
11	14	19	18	24
11	12	13	14	19	18	24
11	17	23	24
Par 11-25
11	14	19	20	25
11	18	19	20	25
11	14	15	20	25
11	12	13	14	19	20	25
Par 11-26
11	14	15	21	26
11	14	13	15	21	26
11	12	13	15	21	26
11	12	13	15	21	26
Par 11-27
11	14	15	21	26	27
11	14	13	15	21	26	27
11	14	13	9	16	22	27
11	12	13	15	21	26	27
Par 11-28
11	14	19	20	25	28
11	18	19	20	25	28
11	14	15	20	25	28
11	12	13	14	19	20	25	28
Par 11-10
11	14	13	9	10
11	12	13	9	10
11	12	4	8	9	10
11	14	13	8	9	10
Par 11-12
11	12
11	3	12
11	14	13	12
11	3	4	12
Par 11-13
11	14	13
11	12	13
11	18	19	14	13
11	14	15	13
Par 11-14
11	14
11	12	13	14
11	18	19	14
11	3	12	13	14
Par 11-15
11	14	15
11	14	13	15
11	12	13	15
11	12	13	15
Par 11-16
11	14	13	9	16
11	12	13	9	16
11	14	15	21	16
11	12	4	8	9	16
Par 11-17
11	17
11	18	24	23	17
11	14	19	18	24	23	17
11	12	13	14	19	18	24	23	17
Par 11-18
11	18
11	14	19	18
11	12	13	14	19	18
11	3	12	13	14	19	18
Par 11-19
11	14	19
11	18	19
11	12	13	14	19
11	3	12	13	14	19
Par 11-1
11	3	2	1
11	12	4	1
11	12	3	2	1
11	3	4	1
Par 11-2
11	3	2
11	12	3	2
11	12	4	3	2
11	12	4	1	2
Par 11-3
11	3
11	12	3
11	12	4	3
11	14	13	12	3
Par 11-4
11	12	4
11	3	4
11	3	12	4
11	14	13	12	4
Par 11-5
11	14	13	9	7	5
11	12	13	9	7	5
11	12	4	8	9	7	5
11	14	13	8	9	7	5
Par 11-6
11	14	13	9	7	5	6
11	12	13	9	7	5	6
11	12	4	8	9	7	5	6
11	14	13	9	10	6
Par 11-7
11	14	13	9	7
11	12	13	9	7
11	12	4	8	9	7
11	14	13	8	9	7
Par 11-8
11	12	4	8
11	14	13	8
11	12	13	8
11	3	4	8
Par 11-9
11	14	13	9
11	12	13	9
11	12	4	8	9
11	14	13	8	9
Par 11-20
11	14	19	20
11	18	19	20
11	14	15	20
11	12	13	14	19	20
Par 11-21
11	14	15	21
11	14	13	15	21
11	12	13	15	21
11	12	13	15	21
Par 12-22
12	13	9	16	22
12	4	8	9	16	22
12	13	8	9	16	22
12	13	15	21	16	22
Par 12-23
12	11	17	23
12	3	11	17	23
12	11	18	24	23
12	13	14	19	18	24	23
Par 12-24
12	11	18	24
12	13	14	19	18	24
12	11	14	19	18	24
12	3	11	18	24
Par 12-25
12	13	14	19	20	25
12	13	15	20	25
12	13	14	15	20	25
12	11	14	19	20	25
Par 12-26
12	13	15	21	26
12	13	14	15	21	26
12	13	9	16	21	26
12	11	14	15	21	26
Par 12-27
12	13	15	21	26	27
12	13	9	16	22	27
12	4	8	9	16	22	27
12	4	8	9	16	22	27
Par 12-28
12	13	14	19	20	25	28
12	13	15	20	25	28
12	13	14	15	20	25	28
12	11	14	19	20	25	28
Par 12-10
12	13	9	10
12	4	8	9	10
12	13	8	9	10
12	13	15	9	10
Par 12-11
12	11
12	3	11
12	13	14	11
12	4	3	11
Par 12-13
12	13
12	11	14	13
12	4	8	13
12	11	18	19	14	13
Par 12-14
12	13	14
12	11	14
12	13	15	14
12	4	8	13	14
Par 12-15
12	13	15
12	13	14	15
12	11	14	15
12	11	14	15
Par 12-16
12	13	9	16
12	4	8	9	16
12	13	8	9	16
12	13	15	21	16
Par 12-17
12	11	17
12	3	11	17
12	13	14	11	17
12	4	3	11	17
Par 12-18
12	11	18
12	13	14	19	18
12	11	14	19	18
12	3	11	18
Par 12-19
12	13	14	19
12	11	14	19
12	13	15	14	19
12	11	18	19
Par 12-1
12	4	1
12	3	2	1
12	4	3	2	1
12	11	3	2	1
Par 12-2
12	3	2
12	4	3	2
12	11	3	2
12	4	1	2
Par 12-3
12	3
12	4	3
12	11	3
12	13	14	11	3
Par 12-4
12	4
12	3	4
12	11	3	4
12	13	8	4
Par 12-5
12	13	9	7	5
12	4	8	9	7	5
12	13	8	9	7	5
12	13	15	9	7	5
Par 12-6
12	13	9	7	5	6
12	4	8	9	7	5	6
12	13	9	10	6
12	13	8	9	7	5	6
Par 12-7
12	13	9	7
12	4	8	9	7
12	13	8	9	7
12	13	15	9	7
Par 12-8
12	4	8
12	13	8
12	13	9	8
12	11	14	13	8
Par 12-9
12	13	9
12	4	8	9
12	13	8	9
12	13	15	9
Par 12-20
12	13	14	19	20
12	13	15	20
12	13	14	15	20
12	11	14	19	20
Par 12-21
12	13	15	21
12	13	14	15	21
12	13	9	16	21
12	11	14	15	21
Par 13-22
13	9	16	22
13	8	9	16	22
13	15	21	16	22
13	14	15	21	16	22
Par 13-23
13	14	19	18	24	23
13	14	11	17	23
13	12	11	17	23
13	12	11	17	23
Par 13-24
13	14	19	18	24
13	14	11	18	24
13	12	11	18	24
13	12	11	18	24
Par 13-25
13	14	19	20	25
13	15	20	25
13	14	15	20	25
13	15	14	19	20	25
Par 13-26
13	15	21	26
13	14	15	21	26
13	9	16	21	26
13	14	19	20	25	26
Par 13-27
13	15	21	26	27
13	9	16	22	27
13	14	15	21	26	27
13	15	21	16	22	27
Par 13-28
13	14	19	20	25	28
13	15	20	25	28
13	14	15	20	25	28
13	9	16	22	27	28
Par 13-10
13	9	10
13	8	9	10
13	15	9	10
13	14	15	9	10
Par 13-11
13	14	11
13	12	11
13	14	19	18	11
13	15	14	11
Par 13-12
13	12
13	14	11	12
13	8	4	12
13	14	19	18	11	12
Par 13-14
13	14
13	15	14
13	12	11	14
13	15	20	19	14
Par 13-15
13	15
13	14	15
13	14	19	20	15
13	9	15
Par 13-16
13	9	16
13	8	9	16
13	15	21	16
13	14	15	21	16
Par 13-17
13	14	11	17
13	12	11	17
13	14	19	18	11	17
13	15	14	11	17
Par 13-18
13	14	19	18
13	14	11	18
13	12	11	18
13	12	11	18
Par 13-19
13	14	19
13	15	14	19
13	15	20	19
13	14	15	20	19
Par 13-1
13	12	4	1
13	12	3	2	1
13	14	11	3	2	1
13	12	4	3	2	1
Par 13-2
13	12	3	2
13	14	11	3	2
13	12	4	3	2
13	12	11	3	2
Par 13-3
13	12	3
13	14	11	3
13	12	4	3
13	12	11	3
Par 13-4
13	12	4
13	8	4
13	14	11	12	4
13	12	3	4
Par 13-5
13	9	7	5
13	8	9	7	5
13	15	9	7	5
13	14	15	9	7	5
Par 13-6
13	9	7	5	6
13	9	10	6
13	8	9	7	5	6
13	8	9	7	5	6
Par 13-7
13	9	7
13	8	9	7
13	15	9	7
13	14	15	9	7
Par 13-8
13	8
13	9	8
13	12	4	8
13	15	9	8
Par 13-9
13	9
13	8	9
13	15	9
13	14	15	9
Par 13-20
13	14	19	20
13	15	20
13	14	15	20
13	15	14	19	20
Par 13-21
13	15	21
13	14	15	21
13	9	16	21
13	14	19	20	15	21
Par 14-22
14	13	9	16	22
14	15	21	16	22
14	13	8	9	16	22
14	13	15	21	16	22
Par 14-23
14	19	18	24	23
14	11	17	23
14	13	12	11	17	23
14	19	18	11	17	23
Par 14-24
14	19	18	24
14	11	18	24
14	13	12	11	18	24
14	15	20	19	18	24
Par 14-25
14	19	20	25
14	15	20	25
14	13	15	20	25
14	15	21	26	25
Par 14-26
14	15	21	26
14	13	15	21	26
14	19	20	25	26
14	13	9	16	21	26
Par 14-27
14	15	21	26	27
14	13	15	21	26	27
14	13	9	16	22	27
14	15	21	16	22	27
Par 14-28
14	19	20	25	28
14	15	20	25	28
14	13	15	20	25	28
14	15	21	26	27	28
Par 14-10
14	13	9	10
14	13	8	9	10
14	15	9	10
14	15	9	10
Par 14-11
14	11
14	13	12	11
14	19	18	11
14	13	12	3	11
Par 14-12
14	13	12
14	11	12
14	15	13	12
14	13	8	4	12
Par 14-13
14	13
14	15	13
14	11	12	13
14	19	20	15	13
Par 14-15
14	15
14	13	15
14	19	20	15
14	13	9	15
Par 14-16
14	13	9	16
14	15	21	16
14	13	8	9	16
14	13	15	21	16
Par 14-17
14	11	17
14	13	12	11	17
14	19	18	11	17
14	13	12	3	11	17
Par 14-18
14	19	18
14	11	18
14	13	12	11	18
14	15	20	19	18
Par 14-19
14	19
14	15	20	19
14	13	15	20	19
14	11	18	19
Par 14-1
14	13	12	4	1
14	11	3	2	1
14	13	12	3	2	1
14	11	12	4	1
Par 14-2
14	11	3	2
14	13	12	3	2
14	13	12	4	3	2
14	13	12	11	3	2
Par 14-3
14	11	3
14	13	12	3
14	13	12	4	3
14	13	12	11	3
Par 14-4
14	13	12	4
14	11	12	4
14	13	8	4
14	15	13	12	4
Par 14-5
14	13	9	7	5
14	13	8	9	7	5
14	15	9	7	5
14	15	9	7	5
Par 14-6
14	13	9	7	5	6
14	13	9	10	6
14	13	8	9	7	5	6
14	13	8	9	7	5	6
Par 14-7
14	13	9	7
14	13	8	9	7
14	15	9	7
14	15	9	7
Par 14-8
14	13	8
14	13	9	8
14	13	12	4	8
14	15	13	8
Par 14-9
14	13	9
14	13	8	9
14	15	9
14	15	9
Par 14-20
14	19	20
14	15	20
14	13	15	20
14	11	18	19	20
Par 14-21
14	15	21
14	13	15	21
14	19	20	15	21
14	13	9	16	21
Par 15-22
15	21	16	22
15	9	16	22
15	21	26	27	22
15	13	9	16	22
Par 15-23
15	14	19	18	24	23
15	14	11	17	23
15	13	14	19	18	24	23
15	13	14	19	18	24	23
Par 15-24
15	14	19	18	24
15	13	14	19	18	24
15	20	19	18	24
15	14	11	18	24
Par 15-25
15	20	25
15	14	19	20	25
15	13	14	19	20	25
15	21	26	25
Par 15-26
15	21	26
15	20	25	26
15	9	16	21	26
15	13	9	16	21	26
Par 15-27
15	21	26	27
15	21	16	22	27
15	9	16	22	27
15	9	16	22	27
Par 15-28
15	20	25	28
15	21	26	27	28
15	14	19	20	25	28
15	21	16	22	27	28
Par 15-10
15	9	10
15	13	9	10
15	14	13	9	10
15	13	8	9	10
Par 15-11
15	14	11
15	13	14	11
15	13	12	11
15	14	13	12	11
Par 15-12
15	13	12
15	14	13	12
15	14	11	12
15	13	14	11	12
Par 15-13
15	13
15	14	13
15	20	19	14	13
15	9	13
Par 15-14
15	14
15	13	14
15	20	19	14
15	9	13	14
Par 15-16
15	21	16
15	9	16
15	13	9	16
15	14	13	9	16
Par 15-17
15	14	11	17
15	13	14	11	17
15	13	12	11	17
15	14	13	12	11	17
Par 15-18
15	14	19	18
15	13	14	19	18
15	20	19	18
15	14	11	18
Par 15-19
15	14	19
15	13	14	19
15	20	19
15	9	13	14	19
Par 15-1
15	13	12	4	1
15	14	13	12	4	1
15	13	12	3	2	1
15	14	11	3	2	1
Par 15-2
15	13	12	3	2
15	14	11	3	2
15	13	14	11	3	2
15	13	12	4	3	2
Par 15-3
15	13	12	3
15	14	11	3
15	13	14	11	3
15	13	12	4	3
Par 15-4
15	13	12	4
15	14	13	12	4
15	13	8	4
15	14	11	12	4
Par 15-5
15	9	7	5
15	13	9	7	5
15	14	13	9	7	5
15	13	8	9	7	5
Par 15-6
15	9	7	5	6
15	13	9	7	5	6
15	9	10	6
15	14	13	9	7	5	6
Par 15-7
15	9	7
15	13	9	7
15	14	13	9	7
15	13	8	9	7
Par 15-8
15	13	8
15	14	13	8
15	9	8
15	13	9	8
Par 15-9
15	9
15	13	9
15	14	13	9
15	13	8	9
Par 15-20
15	20
15	14	19	20
15	13	14	19	20
15	9	13	14	19	20
Par 15-21
15	21
15	9	16	21
15	13	9	16	21
15	14	13	9	16	21
Par 16-22
16	22
16	21	26	27	22
16	9	10	22
16	9	15	21	26	27	22
Par 16-23
16	9	13	14	19	18	24	23
16	9	13	14	11	17	23
16	9	13	12	11	17	23
16	9	13	12	11	17	23
Par 16-24
16	9	13	14	19	18	24
16	21	15	14	19	18	24
16	9	8	13	14	19	18	24
16	21	15	13	14	19	18	24
Par 16-25
16	21	26	25
16	21	15	20	25
16	9	15	20	25
16	9	15	20	25
Par 16-26
16	21	26
16	22	27	26
16	9	15	21	26
16	9	13	15	21	26
Par 16-27
16	22	27
16	21	26	27
16	9	10	22	27
16	9	15	21	26	27
Par 16-28
16	22	27	28
16	21	26	27	28
16	21	26	25	28
16	21	15	20	25	28
Par 16-10
16	9	10
16	22	10
16	21	26	27	22	10
16	21	15	9	10
Par 16-11
16	9	13	14	11
16	9	13	12	11
16	21	15	14	11
16	9	8	4	12	11
Par 16-12
16	9	13	12
16	9	8	4	12
16	21	15	13	12
16	21	15	13	12
Par 16-13
16	9	13
16	21	15	13
16	9	8	13
16	21	15	14	13
Par 16-14
16	9	13	14
16	21	15	14
16	9	8	13	14
16	21	15	13	14
Par 16-15
16	21	15
16	9	15
16	9	13	15
16	9	13	14	15
Par 16-17
16	9	13	14	11	17
16	9	13	12	11	17
16	21	15	14	11	17
16	9	8	4	12	11	17
Par 16-18
16	9	13	14	19	18
16	21	15	14	19	18
16	9	8	13	14	19	18
16	21	15	13	14	19	18
Par 16-19
16	9	13	14	19
16	21	15	14	19
16	9	8	13	14	19
16	21	15	13	14	19
Par 16-1
16	9	8	4	1
16	9	13	12	4	1
16	9	8	4	3	2	1
16	9	13	12	3	2	1
Par 16-2
16	9	13	12	3	2
16	9	8	4	3	2
16	9	13	14	11	3	2
16	9	13	12	4	3	2
Par 16-3
16	9	13	12	3
16	9	8	4	3
16	9	13	14	11	3
16	9	13	12	4	3
Par 16-4
16	9	8	4
16	9	13	12	4
16	21	15	13	12	4
16	9	8	13	12	4
Par 16-5
16	9	7	5
16	21	15	9	7	5
16	9	10	6	5
16	21	15	13	9	7	5
Par 16-6
16	9	7	5	6
16	9	10	6
16	22	10	6
16	22	10	6
Par 16-7
16	9	7
16	21	15	9	7
16	21	15	13	9	7
16	21	15	14	13	9	7
Par 16-8
16	9	8
16	9	13	8
16	21	15	13	8
16	21	15	13	8
Par 16-9
16	9
16	21	15	9
16	21	15	13	9
16	21	15	14	13	9
Par 16-20
16	21	15	20
16	9	15	20
16	9	13	14	19	20
16	9	13	15	20
Par 16-21
16	21
16	9	15	21
16	22	27	26	21
16	9	13	15	21
Par 17-22
17	11	14	13	9	16	22
17	11	12	13	9	16	22
17	11	14	15	21	16	22
17	11	12	4	8	9	16	22
Par 17-23
17	23
17	11	18	24	23
17	11	14	19	18	24	23
17	11	12	13	14	19	18	24	23
Par 17-24
17	23	24
17	11	18	24
17	11	14	19	18	24
17	11	12	13	14	19	18	24
Par 17-25
17	11	14	19	20	25
17	11	18	19	20	25
17	11	14	15	20	25
17	11	12	13	14	19	20	25
Par 17-26
17	11	14	15	21	26
17	11	14	13	15	21	26
17	11	12	13	15	21	26
17	11	12	13	15	21	26
Par 17-27
17	11	14	15	21	26	27
17	11	14	13	15	21	26	27
17	11	14	13	9	16	22	27
17	11	12	13	15	21	26	27
Par 17-28
17	11	14	19	20	25	28
17	11	18	19	20	25	28
17	11	14	15	20	25	28
17	11	12	13	14	19	20	25	28
Par 17-10
17	11	14	13	9	10
17	11	12	13	9	10
17	11	12	4	8	9	10
17	11	14	13	8	9	10
Par 17-11
17	11
17	23	24	18	11
17	23	24	18	19	14	11
17	23	24	18	19	14	13	12	11
Par 17-12
17	11	12
17	11	3	12
17	11	14	13	12
17	11	3	4	12
Par 17-13
17	11	14	13
17	11	12	13
17	11	18	19	14	13
17	11	14	15	13
Par 17-14
17	11	14
17	11	12	13	14
17	11	18	19	14
17	11	3	12	13	14
Par 17-15
17	11	14	15
17	11	14	13	15
17	11	12	13	15
17	11	12	13	15
Par 17-16
17	11	14	13	9	16
17	11	12	13	9	16
17	11	14	15	21	16
17	11	12	4	8	9	16
Par 17-18
17	11	18
17	11	14	19	18
17	11	12	13	14	19	18
17	23	24	18
Par 17-19
17	11	14	19
17	11	18	19
17	11	12	13	14	19
17	11	3	12	13	14	19
Par 17-1
17	11	3	2	1
17	11	12	4	1
17	11	12	3	2	1
17	11	3	4	1
Par 17-2
17	11	3	2
17	11	12	3	2
17	11	12	4	3	2
17	11	12	4	1	2
Par 17-3
17	11	3
17	11	12	3
17	11	12	4	3
17	11	14	13	12	3
Par 17-4
17	11	12	4
17	11	3	4
17	11	3	12	4
17	11	14	13	12	4
Par 17-5
17	11	14	13	9	7	5
17	11	12	13	9	7	5
17	11	12	4	8	9	7	5
17	11	14	13	8	9	7	5
Par 17-6
17	11	14	13	9	7	5	6
17	11	12	13	9	7	5	6
17	11	12	4	8	9	7	5	6
17	11	14	13	9	10	6
Par 17-7
17	11	14	13	9	7
17	11	12	13	9	7
17	11	12	4	8	9	7
17	11	14	13	8	9	7
Par 17-8
17	11	12	4	8
17	11	14	13	8
17	11	12	13	8
17	11	3	4	8
Par 17-9
17	11	14	13	9
17	11	12	13	9
17	11	12	4	8	9
17	11	14	13	8	9
Par 17-20
17	11	14	19	20
17	11	18	19	20
17	11	14	15	20
17	11	12	13	14	19	20
Par 17-21
17	11	14	15	21
17	11	14	13	15	21
17	11	12	13	15	21
17	11	12	13	15	21
Par 18-22
18	19	14	13	9	16	22
18	19	14	15	21	16	22
18	19	14	13	8	9	16	22
18	19	14	13	15	21	16	22
Par 18-23
18	24	23
18	11	17	23
18	19	14	11	17	23
18	19	14	13	12	11	17	23
Par 18-24
18	24
18	11	17	23	24
18	19	14	11	17	23	24
18	19	14	13	12	11	17	23	24
Par 18-25
18	19	20	25
18	19	14	15	20	25
18	19	14	13	15	20	25
18	11	14	19	20	25
Par 18-26
18	19	14	15	21	26
18	19	14	13	15	21	26
18	19	20	25	26
18	19	20	25	26
Par 18-27
18	19	14	15	21	26	27
18	19	14	13	15	21	26	27
18	19	14	13	9	16	22	27
18	19	20	25	26	27
Par 18-28
18	19	20	25	28
18	19	14	15	20	25	28
18	19	14	13	15	20	25	28
18	11	14	19	20	25	28
Par 18-10
18	19	14	13	9	10
18	19	14	13	8	9	10
18	19	14	15	9	10
18	19	14	15	9	10
Par 18-11
18	11
18	19	14	11
18	19	14	13	12	11
18	19	14	13	12	3	11
Par 18-12
18	11	12
18	19	14	13	12
18	11	3	12
18	19	14	11	12
Par 18-13
18	19	14	13
18	11	14	13
18	19	14	15	13
18	11	12	13
Par 18-14
18	19	14
18	11	14
18	11	12	13	14
18	19	20	15	14
Par 18-15
18	19	14	15
18	19	14	13	15
18	19	20	15
18	19	20	15
Par 18-16
18	19	14	13	9	16
18	19	14	15	21	16
18	19	14	13	8	9	16
18	19	14	13	15	21	16
Par 18-17
18	11	17
18	19	14	11	17
18	19	14	13	12	11	17
18	24	23	17
Par 18-19
18	19
18	11	14	19
18	11	12	13	14	19
18	11	3	12	13	14	19
Par 18-1
18	11	3	2	1
18	11	12	4	1
18	19	14	13	12	4	1
18	19	14	13	12	4	1
Par 18-2
18	11	3	2
18	19	14	11	3	2
18	11	12	3	2
18	19	14	13	12	3	2
Par 18-3
18	11	3
18	19	14	11	3
18	11	12	3
18	19	14	13	12	3
Par 18-4
18	11	12	4
18	19	14	13	12	4
18	11	3	4
18	19	14	11	12	4
Par 18-5
18	19	14	13	9	7	5
18	19	14	13	8	9	7	5
18	19	14	15	9	7	5
18	19	14	15	9	7	5
Par 18-6
18	19	14	13	9	7	5	6
18	19	14	13	9	10	6
18	19	14	13	8	9	7	5	6
18	19	14	13	8	9	7	5	6
Par 18-7
18	19	14	13	9	7
18	19	14	13	8	9	7
18	19	14	15	9	7
18	19	14	15	9	7
Par 18-8
18	19	14	13	8
18	11	12	4	8
18	19	14	13	9	8
18	11	14	13	8
Par 18-9
18	19	14	13	9
18	19	14	13	8	9
18	19	14	15	9
18	19	14	15	9
Par 18-20
18	19	20
18	19	14	15	20
18	19	14	13	15	20
18	11	14	19	20
Par 18-21
18	19	14	15	21
18	19	14	13	15	21
18	19	20	15	21
18	19	20	15	21
Par 19-22
19	14	13	9	16	22
19	14	15	21	16	22
19	14	13	8	9	16	22
19	14	13	15	21	16	22
Par 19-23
19	18	24	23
19	14	11	17	23
19	18	11	17	23
19	14	13	12	11	17	23
Par 19-24
19	18	24
19	14	11	18	24
19	14	13	12	11	18	24
19	14	13	12	3	11	18	24
Par 19-25
19	20	25
19	14	15	20	25
19	14	13	15	20	25
19	14	15	21	26	25
Par 19-26
19	14	15	21	26
19	14	13	15	21	26
19	20	25	26
19	20	25	26
Par 19-27
19	14	15	21	26	27
19	14	13	15	21	26	27
19	14	13	9	16	22	27
19	20	25	26	27
Par 19-28
19	20	25	28
19	14	15	20	25	28
19	14	13	15	20	25	28
19	14	15	21	26	27	28
Par 19-10
19	14	13	9	10
19	14	13	8	9	10
19	14	15	9	10
19	14	15	9	10
Par 19-11
19	14	11
19	18	11
19	14	13	12	11
19	14	13	12	3	11
Par 19-12
19	14	13	12
19	14	11	12
19	18	11	12
19	18	11	12
Par 19-13
19	14	13
19	14	15	13
19	20	15	13
19	20	15	13
Par 19-14
19	14
19	20	15	14
19	20	15	13	14
19	18	11	14
Par 19-15
19	14	15
19	14	13	15
19	20	15
19	20	15
Par 19-16
19	14	13	9	16
19	14	15	21	16
19	14	13	8	9	16
19	14	13	15	21	16
Par 19-17
19	14	11	17
19	18	11	17
19	14	13	12	11	17
19	14	13	12	3	11	17
Par 19-18
19	18
19	14	11	18
19	14	13	12	11	18
19	14	13	12	3	11	18
Par 19-1
19	14	13	12	4	1
19	14	11	3	2	1
19	14	13	12	3	2	1
19	18	11	3	2	1
Par 19-2
19	14	11	3	2
19	14	13	12	3	2
19	18	11	3	2
19	18	11	3	2
Par 19-3
19	14	11	3
19	14	13	12	3
19	18	11	3
19	18	11	3
Par 19-4
19	14	13	12	4
19	14	11	12	4
19	14	13	8	4
19	18	11	12	4
Par 19-5
19	14	13	9	7	5
19	14	13	8	9	7	5
19	14	15	9	7	5
19	14	15	9	7	5
Par 19-6
19	14	13	9	7	5	6
19	14	13	9	10	6
19	14	13	8	9	7	5	6
19	14	13	8	9	7	5	6
Par 19-7
19	14	13	9	7
19	14	13	8	9	7
19	14	15	9	7
19	14	15	9	7
Par 19-8
19	14	13	8
19	14	13	9	8
19	14	13	12	4	8
19	14	15	13	8
Par 19-9
19	14	13	9
19	14	13	8	9
19	14	15	9
19	14	15	9
Par 19-20
19	20
19	14	15	20
19	14	13	15	20
19	14	13	9	15	20
Par 19-21
19	14	15	21
19	14	13	15	21
19	20	15	21
19	20	15	21
Par 1-22
1	4	8	9	16	22
1	4	12	13	9	16	22
1	2	3	12	13	9	16	22
1	2	3	12	13	9	16	22
Par 1-23
1	2	3	11	17	23
1	4	12	11	17	23
1	2	3	12	11	17	23
1	2	3	11	18	24	23
Par 1-24
1	2	3	11	18	24
1	4	12	11	18	24
1	4	12	13	14	19	18	24
1	2	3	12	11	18	24
Par 1-25
1	4	12	13	14	19	20	25
1	4	12	13	15	20	25
1	2	3	11	14	19	20	25
1	2	3	11	14	19	20	25
Par 1-26
1	4	12	13	15	21	26
1	4	12	13	14	15	21	26
1	4	8	9	16	21	26
1	4	8	9	16	21	26
Par 1-27
1	4	8	9	16	22	27
1	4	12	13	15	21	26	27
1	4	12	13	9	16	22	27
1	4	12	13	14	15	21	26	27
Par 1-28
1	4	12	13	14	19	20	25	28
1	4	12	13	15	20	25	28
1	2	3	11	14	19	20	25	28
1	2	3	11	14	19	20	25	28
Par 1-10
1	4	8	9	10
1	4	12	13	9	10
1	2	3	12	13	9	10
1	2	3	12	13	9	10
Par 1-11
1	2	3	11
1	4	12	11
1	2	3	12	11
1	4	3	11
Par 1-12
1	4	12
1	2	3	12
1	2	3	4	12
1	2	3	11	12
Par 1-13
1	4	12	13
1	2	3	12	13
1	2	3	4	12	13
1	2	3	11	14	13
Par 1-14
1	4	12	13	14
1	2	3	11	14
1	2	3	12	13	14
1	4	12	11	14
Par 1-15
1	4	12	13	15
1	4	12	13	14	15
1	2	3	12	13	15
1	2	3	12	13	15
Par 1-16
1	4	8	9	16
1	4	12	13	9	16
1	2	3	12	13	9	16
1	2	3	12	13	9	16
Par 1-17
1	2	3	11	17
1	4	12	11	17
1	2	3	12	11	17
1	4	3	11	17
Par 1-18
1	2	3	11	18
1	4	12	11	18
1	4	12	13	14	19	18
1	2	3	12	11	18
Par 1-19
1	4	12	13	14	19
1	2	3	11	14	19
1	2	3	12	13	14	19
1	4	12	11	14	19
Par 1-2
1	2
1	4	3	2
1	4	12	3	2
1	4	12	11	3	2
Par 1-3
1	2	3
1	4	3
1	4	12	3
1	4	12	11	3
Par 1-4
1	4
1	2	3	4
1	2	3	12	4
1	2	3	11	12	4
Par 1-5
1	4	8	9	7	5
1	4	12	13	9	7	5
1	2	3	12	13	9	7	5
1	2	3	12	13	9	7	5
Par 1-6
1	4	8	9	7	5	6
1	4	12	13	9	7	5	6
1	4	8	9	10	6
1	2	3	12	13	9	7	5	6
Par 1-7
1	4	8	9	7
1	4	12	13	9	7
1	2	3	12	13	9	7
1	2	3	12	13	9	7
Par 1-8
1	4	8
1	2	3	4	8
1	4	12	13	8
1	2	3	12	4	8
Par 1-9
1	4	8	9
1	4	12	13	9
1	2	3	12	13	9
1	2	3	12	13	9
Par 1-20
1	4	12	13	14	19	20
1	4	12	13	15	20
1	2	3	11	14	19	20
1	2	3	11	14	19	20
Par 1-21
1	4	12	13	15	21
1	4	12	13	14	15	21
1	4	8	9	16	21
1	4	8	9	16	21
Par 2-22
2	3	12	13	9	16	22
2	3	4	8	9	16	22
2	3	12	4	8	9	16	22
2	3	11	14	13	9	16	22
Par 2-23
2	3	11	17	23
2	3	12	11	17	23
2	3	11	18	24	23
2	3	4	12	11	17	23
Par 2-24
2	3	11	18	24
2	3	12	11	18	24
2	3	11	14	19	18	24
2	3	4	12	11	18	24
Par 2-25
2	3	11	14	19	20	25
2	3	12	13	14	19	20	25
2	3	11	18	19	20	25
2	3	11	14	15	20	25
Par 2-26
2	3	12	13	15	21	26
2	3	11	14	15	21	26
2	3	12	13	14	15	21	26
2	3	4	12	13	15	21	26
Par 2-27
2	3	12	13	15	21	26	27
2	3	11	14	15	21	26	27
2	3	12	13	9	16	22	27
2	3	4	8	9	16	22	27
Par 2-28
2	3	11	14	19	20	25	28
2	3	12	13	14	19	20	25	28
2	3	11	18	19	20	25	28
2	3	11	14	15	20	25	28
Par 2-10
2	3	12	13	9	10
2	3	4	8	9	10
2	3	12	4	8	9	10
2	3	11	14	13	9	10
Par 2-11
2	3	11
2	3	12	11
2	3	4	12	11
2	1	4	12	11
Par 2-12
2	3	12
2	3	4	12
2	3	11	12
2	1	4	12
Par 2-13
2	3	12	13
2	3	4	12	13
2	3	11	14	13
2	3	11	12	13
Par 2-14
2	3	11	14
2	3	12	13	14
2	3	4	12	13	14
2	3	11	12	13	14
Par 2-15
2	3	12	13	15
2	3	11	14	15
2	3	12	13	14	15
2	3	4	12	13	15
Par 2-16
2	3	12	13	9	16
2	3	4	8	9	16
2	3	12	4	8	9	16
2	3	11	14	13	9	16
Par 2-17
2	3	11	17
2	3	12	11	17
2	3	4	12	11	17
2	1	4	12	11	17
Par 2-18
2	3	11	18
2	3	12	11	18
2	3	11	14	19	18
2	3	4	12	11	18
Par 2-19
2	3	11	14	19
2	3	12	13	14	19
2	3	11	18	19
2	3	4	12	13	14	19
Par 2-1
2	1
2	3	4	1
2	3	12	4	1
2	3	11	12	4	1
Par 2-3
2	3
2	1	4	3
2	1	4	12	3
2	1	4	12	11	3
Par 2-4
2	3	4
2	3	12	4
2	1	4
2	1	4
Par 2-5
2	3	12	13	9	7	5
2	3	4	8	9	7	5
2	3	12	4	8	9	7	5
2	3	11	14	13	9	7	5
Par 2-6
2	3	12	13	9	7	5	6
2	3	4	8	9	7	5	6
2	3	12	4	8	9	7	5	6
2	3	11	14	13	9	7	5	6
Par 2-7
2	3	12	13	9	7
2	3	4	8	9	7
2	3	12	4	8	9	7
2	3	11	14	13	9	7
Par 2-8
2	3	4	8
2	3	12	4	8
2	1	4	8
2	1	4	8
Par 2-9
2	3	12	13	9
2	3	4	8	9
2	3	12	4	8	9
2	3	11	14	13	9
Par 2-20
2	3	11	14	19	20
2	3	12	13	14	19	20
2	3	11	18	19	20
2	3	11	14	15	20
Par 2-21
2	3	12	13	15	21
2	3	11	14	15	21
2	3	12	13	14	15	21
2	3	4	12	13	15	21
Par 3-22
3	12	13	9	16	22
3	4	8	9	16	22
3	12	4	8	9	16	22
3	11	14	13	9	16	22
Par 3-23
3	11	17	23
3	12	11	17	23
3	11	18	24	23
3	4	12	11	17	23
Par 3-24
3	11	18	24
3	12	11	18	24
3	11	14	19	18	24
3	4	12	11	18	24
Par 3-25
3	11	14	19	20	25
3	12	13	14	19	20	25
3	11	18	19	20	25
3	11	14	15	20	25
Par 3-26
3	12	13	15	21	26
3	11	14	15	21	26
3	12	13	14	15	21	26
3	4	12	13	15	21	26
Par 3-27
3	12	13	15	21	26	27
3	11	14	15	21	26	27
3	12	13	9	16	22	27
3	4	8	9	16	22	27
Par 3-28
3	11	14	19	20	25	28
3	12	13	14	19	20	25	28
3	11	18	19	20	25	28
3	11	14	15	20	25	28
Par 3-10
3	12	13	9	10
3	4	8	9	10
3	12	4	8	9	10
3	11	14	13	9	10
Par 3-11
3	11
3	12	11
3	4	12	11
3	12	13	14	11
Par 3-12
3	12
3	4	12
3	11	12
3	11	14	13	12
Par 3-13
3	12	13
3	4	12	13
3	11	14	13
3	11	12	13
Par 3-14
3	11	14
3	12	13	14
3	4	12	13	14
3	11	12	13	14
Par 3-15
3	12	13	15
3	11	14	15
3	12	13	14	15
3	4	12	13	15
Par 3-16
3	12	13	9	16
3	4	8	9	16
3	12	4	8	9	16
3	11	14	13	9	16
Par 3-17
3	11	17
3	12	11	17
3	4	12	11	17
3	12	13	14	11	17
Par 3-18
3	11	18
3	12	11	18
3	11	14	19	18
3	4	12	11	18
Par 3-19
3	11	14	19
3	12	13	14	19
3	11	18	19
3	4	12	13	14	19
Par 3-1
3	2	1
3	4	1
3	12	4	1
3	11	12	4	1
Par 3-2
3	2
3	4	1	2
3	12	4	1	2
3	11	12	4	1	2
Par 3-4
3	4
3	12	4
3	11	12	4
3	11	14	13	12	4
Par 3-5
3	12	13	9	7	5
3	4	8	9	7	5
3	12	4	8	9	7	5
3	11	14	13	9	7	5
Par 3-6
3	12	13	9	7	5	6
3	4	8	9	7	5	6
3	12	4	8	9	7	5	6
3	11	14	13	9	7	5	6
Par 3-7
3	12	13	9	7
3	4	8	9	7
3	12	4	8	9	7
3	11	14	13	9	7
Par 3-8
3	4	8
3	12	4	8
3	11	12	4	8
3	12	13	8
Par 3-9
3	12	13	9
3	4	8	9
3	12	4	8	9
3	11	14	13	9
Par 3-20
3	11	14	19	20
3	12	13	14	19	20
3	11	18	19	20
3	11	14	15	20
Par 3-21
3	12	13	15	21
3	11	14	15	21
3	12	13	14	15	21
3	4	12	13	15	21
Par 4-22
4	8	9	16	22
4	12	13	9	16	22
4	12	13	8	9	16	22
4	12	13	15	21	16	22
Par 4-23
4	12	11	17	23
4	3	11	17	23
4	12	3	11	17	23
4	12	11	18	24	23
Par 4-24
4	12	11	18	24
4	12	13	14	19	18	24
4	3	11	18	24
4	3	11	18	24
Par 4-25
4	12	13	14	19	20	25
4	12	13	15	20	25
4	12	13	14	15	20	25
4	12	11	14	19	20	25
Par 4-26
4	12	13	15	21	26
4	12	13	14	15	21	26
4	8	9	16	21	26
4	8	9	16	21	26
Par 4-27
4	8	9	16	22	27
4	12	13	15	21	26	27
4	12	13	9	16	22	27
4	12	13	14	15	21	26	27
Par 4-28
4	12	13	14	19	20	25	28
4	12	13	15	20	25	28
4	8	9	16	22	27	28
4	12	13	14	15	20	25	28
Par 4-10
4	8	9	10
4	12	13	9	10
4	12	13	8	9	10
4	8	13	9	10
Par 4-11
4	12	11
4	3	11
4	12	3	11
4	12	13	14	11
Par 4-12
4	12
4	3	12
4	3	11	12
4	8	13	12
Par 4-13
4	12	13
4	8	13
4	12	11	14	13
4	3	12	13
Par 4-14
4	12	13	14
4	12	11	14
4	8	13	14
4	8	13	14
Par 4-15
4	12	13	15
4	12	13	14	15
4	8	13	15
4	12	11	14	15
Par 4-16
4	8	9	16
4	12	13	9	16
4	12	13	8	9	16
4	12	13	15	21	16
Par 4-17
4	12	11	17
4	3	11	17
4	12	3	11	17
4	12	13	14	11	17
Par 4-18
4	12	11	18
4	12	13	14	19	18
4	3	11	18
4	3	11	18
Par 4-19
4	12	13	14	19
4	12	11	14	19
4	8	13	14	19
4	8	13	14	19
Par 4-1
4	1
4	3	2	1
4	12	3	2	1
4	12	11	3	2	1
Par 4-2
4	3	2
4	12	3	2
4	1	2
4	12	11	3	2
Par 4-3
4	3
4	12	3
4	12	11	3
4	12	13	14	11	3
Par 4-5
4	8	9	7	5
4	12	13	9	7	5
4	12	13	8	9	7	5
4	8	13	9	7	5
Par 4-6
4	8	9	7	5	6
4	12	13	9	7	5	6
4	8	9	10	6
4	12	13	9	10	6
Par 4-7
4	8	9	7
4	12	13	9	7
4	12	13	8	9	7
4	8	13	9	7
Par 4-8
4	8
4	12	13	8
4	12	13	9	8
4	12	11	14	13	8
Par 4-9
4	8	9
4	12	13	9
4	12	13	8	9
4	8	13	9
Par 4-20
4	12	13	14	19	20
4	12	13	15	20
4	12	13	14	15	20
4	12	11	14	19	20
Par 4-21
4	12	13	15	21
4	12	13	14	15	21
4	8	9	16	21
4	8	9	16	21
Par 5-22
5	7	9	16	22
5	6	10	22
5	7	9	10	22
5	7	9	16	21	26	27	22
Par 5-23
5	7	9	13	14	19	18	24	23
5	7	9	13	14	11	17	23
5	7	9	13	12	11	17	23
5	7	9	13	12	11	17	23
Par 5-24
5	7	9	13	14	19	18	24
5	7	9	8	13	14	19	18	24
5	7	9	15	14	19	18	24
5	7	9	13	14	11	18	24
Par 5-25
5	7	9	15	20	25
5	7	9	13	14	19	20	25
5	7	9	13	15	20	25
5	7	9	16	21	26	25
Par 5-26
5	7	9	16	21	26
5	7	9	15	21	26
5	7	9	16	22	27	26
5	7	9	13	15	21	26
Par 5-27
5	7	9	16	22	27
5	7	9	16	21	26	27
5	6	10	22	27
5	6	10	22	27
Par 5-28
5	7	9	16	22	27	28
5	7	9	16	21	26	27	28
5	6	10	22	27	28
5	6	10	22	27	28
Par 5-10
5	6	10
5	7	9	10
5	7	9	16	22	10
5	7	9	16	21	26	27	22	10
Par 5-11
5	7	9	13	14	11
5	7	9	13	12	11
5	7	9	8	4	12	11
5	7	9	8	4	12	11
Par 5-12
5	7	9	13	12
5	7	9	8	4	12
5	7	9	8	13	12
5	7	9	15	13	12
Par 5-13
5	7	9	13
5	7	9	8	13
5	7	9	15	13
5	7	9	15	14	13
Par 5-14
5	7	9	13	14
5	7	9	8	13	14
5	7	9	15	14
5	7	9	13	15	14
Par 5-15
5	7	9	15
5	7	9	13	15
5	7	9	13	14	15
5	7	9	16	21	15
Par 5-16
5	7	9	16
5	7	9	15	21	16
5	6	10	9	16
5	6	10	9	16
Par 5-17
5	7	9	13	14	11	17
5	7	9	13	12	11	17
5	7	9	8	4	12	11	17
5	7	9	8	4	12	11	17
Par 5-18
5	7	9	13	14	19	18
5	7	9	8	13	14	19	18
5	7	9	15	14	19	18
5	7	9	13	14	11	18
Par 5-19
5	7	9	13	14	19
5	7	9	8	13	14	19
5	7	9	15	14	19
5	7	9	13	15	14	19
Par 5-1
5	7	9	8	4	1
5	7	9	13	12	4	1
5	7	9	8	4	3	2	1
5	7	9	13	12	3	2	1
Par 5-2
5	7	9	13	12	3	2
5	7	9	8	4	3	2
5	7	9	13	14	11	3	2
5	7	9	13	12	4	3	2
Par 5-3
5	7	9	13	12	3
5	7	9	8	4	3
5	7	9	13	14	11	3
5	7	9	13	12	4	3
Par 5-4
5	7	9	8	4
5	7	9	13	12	4
5	7	9	8	13	12	4
5	7	9	13	8	4
Par 5-6
5	6
5	7	9	10	6
5	7	9	16	22	10	6
5	7	9	16	21	26	27	22	10	6
Par 5-7
5	7
5	6	10	9	7
5	6	10	22	16	9	7
5	6	10	22	27	26	21	16	9	7
Par 5-8
5	7	9	8
5	7	9	13	8
5	7	9	13	12	4	8
5	7	9	15	13	8
Par 5-9
5	7	9
5	6	10	9
5	6	10	22	16	9
5	6	10	22	27	26	21	16	9
Par 5-20
5	7	9	15	20
5	7	9	13	14	19	20
5	7	9	13	15	20
5	7	9	13	14	15	20
Par 5-21
5	7	9	16	21
5	7	9	15	21
5	7	9	13	15	21
5	7	9	13	14	15	21
Par 6-22
6	10	22
6	5	7	9	16	22
6	10	9	16	22
6	5	7	9	10	22
Par 6-23
6	5	7	9	13	14	19	18	24	23
6	5	7	9	13	14	11	17	23
6	5	7	9	13	12	11	17	23
6	5	7	9	13	12	11	17	23
Par 6-24
6	5	7	9	13	14	19	18	24
6	10	9	13	14	19	18	24
6	5	7	9	8	13	14	19	18	24
6	5	7	9	15	14	19	18	24
Par 6-25
6	5	7	9	15	20	25
6	5	7	9	13	14	19	20	25
6	5	7	9	13	15	20	25
6	5	7	9	16	21	26	25
Par 6-26
6	5	7	9	16	21	26
6	10	22	27	26
6	10	9	16	21	26
6	10	22	16	21	26
Par 6-27
6	10	22	27
6	5	7	9	16	22	27
6	10	9	16	22	27
6	5	7	9	16	21	26	27
Par 6-28
6	10	22	27	28
6	5	7	9	16	22	27	28
6	10	9	16	22	27	28
6	5	7	9	16	21	26	27	28
Par 6-10
6	10
6	5	7	9	10
6	5	7	9	16	22	10
6	5	7	9	16	21	26	27	22	10
Par 6-11
6	5	7	9	13	14	11
6	5	7	9	13	12	11
6	5	7	9	8	4	12	11
6	5	7	9	8	4	12	11
Par 6-12
6	5	7	9	13	12
6	5	7	9	8	4	12
6	10	9	13	12
6	10	9	13	12
Par 6-13
6	5	7	9	13
6	10	9	13
6	5	7	9	8	13
6	5	7	9	15	13
Par 6-14
6	5	7	9	13	14
6	10	9	13	14
6	5	7	9	8	13	14
6	5	7	9	15	14
Par 6-15
6	5	7	9	15
6	5	7	9	13	15
6	10	9	15
6	10	9	15
Par 6-16
6	5	7	9	16
6	10	9	16
6	10	22	16
6	5	7	9	15	21	16
Par 6-17
6	5	7	9	13	14	11	17
6	5	7	9	13	12	11	17
6	5	7	9	8	4	12	11	17
6	5	7	9	8	4	12	11	17
Par 6-18
6	5	7	9	13	14	19	18
6	10	9	13	14	19	18
6	5	7	9	8	13	14	19	18
6	5	7	9	15	14	19	18
Par 6-19
6	5	7	9	13	14	19
6	10	9	13	14	19
6	5	7	9	8	13	14	19
6	5	7	9	15	14	19
Par 6-1
6	5	7	9	8	4	1
6	5	7	9	13	12	4	1
6	10	9	8	4	1
6	10	9	8	4	1
Par 6-2
6	5	7	9	13	12	3	2
6	5	7	9	8	4	3	2
6	5	7	9	13	14	11	3	2
6	5	7	9	13	12	4	3	2
Par 6-3
6	5	7	9	13	12	3
6	5	7	9	8	4	3
6	5	7	9	13	14	11	3
6	5	7	9	13	12	4	3
Par 6-4
6	5	7	9	8	4
6	5	7	9	13	12	4
6	10	9	8	4
6	10	9	8	4
Par 6-5
6	5
6	10	9	7	5
6	10	22	16	9	7	5
6	10	22	27	26	21	16	9	7	5
Par 6-7
6	5	7
6	10	9	7
6	10	22	16	9	7
6	10	22	27	26	21	16	9	7
Par 6-8
6	5	7	9	8
6	10	9	8
6	5	7	9	13	8
6	10	9	13	8
Par 6-9
6	5	7	9
6	10	9
6	10	22	16	9
6	10	22	27	26	21	16	9
Par 6-20
6	5	7	9	15	20
6	5	7	9	13	14	19	20
6	5	7	9	13	15	20
6	10	9	15	20
Par 6-21
6	5	7	9	16	21
6	10	9	16	21
6	10	22	16	21
6	5	7	9	15	21
Par 7-22
7	9	16	22
7	9	10	22
7	9	16	21	26	27	22
7	9	15	21	16	22
Par 7-23
7	9	13	14	19	18	24	23
7	9	13	14	11	17	23
7	9	13	12	11	17	23
7	9	13	12	11	17	23
Par 7-24
7	9	13	14	19	18	24
7	9	8	13	14	19	18	24
7	9	15	14	19	18	24
7	9	13	14	11	18	24
Par 7-25
7	9	15	20	25
7	9	13	14	19	20	25
7	9	13	15	20	25
7	9	16	21	26	25
Par 7-26
7	9	16	21	26
7	9	15	21	26
7	9	16	22	27	26
7	9	13	15	21	26
Par 7-27
7	9	16	22	27
7	9	16	21	26	27
7	9	10	22	27
7	9	10	22	27
Par 7-28
7	9	16	22	27	28
7	9	16	21	26	27	28
7	9	15	20	25	28
7	9	15	20	25	28
Par 7-10
7	9	10
7	5	6	10
7	9	16	22	10
7	9	16	21	26	27	22	10
Par 7-11
7	9	13	14	11
7	9	13	12	11
7	9	8	4	12	11
7	9	8	4	12	11
Par 7-12
7	9	13	12
7	9	8	4	12
7	9	8	13	12
7	9	15	13	12
Par 7-13
7	9	13
7	9	8	13
7	9	15	13
7	9	15	14	13
Par 7-14
7	9	13	14
7	9	8	13	14
7	9	15	14
7	9	13	15	14
Par 7-15
7	9	15
7	9	13	15
7	9	13	14	15
7	9	16	21	15
Par 7-16
7	9	16
7	9	15	21	16
7	9	13	15	21	16
7	9	13	14	15	21	16
Par 7-17
7	9	13	14	11	17
7	9	13	12	11	17
7	9	8	4	12	11	17
7	9	8	4	12	11	17
Par 7-18
7	9	13	14	19	18
7	9	8	13	14	19	18
7	9	15	14	19	18
7	9	13	14	11	18
Par 7-19
7	9	13	14	19
7	9	8	13	14	19
7	9	15	14	19
7	9	13	15	14	19
Par 7-1
7	9	8	4	1
7	9	13	12	4	1
7	9	8	4	3	2	1
7	9	13	12	3	2	1
Par 7-2
7	9	13	12	3	2
7	9	8	4	3	2
7	9	13	14	11	3	2
7	9	13	12	4	3	2
Par 7-3
7	9	13	12	3
7	9	8	4	3
7	9	13	14	11	3
7	9	13	12	4	3
Par 7-4
7	9	8	4
7	9	13	12	4
7	9	8	13	12	4
7	9	13	8	4
Par 7-5
7	5
7	9	10	6	5
7	9	16	22	10	6	5
7	9	16	21	26	27	22	10	6	5
Par 7-6
7	5	6
7	9	10	6
7	9	16	22	10	6
7	9	16	21	26	27	22	10	6
Par 7-8
7	9	8
7	9	13	8
7	9	13	12	4	8
7	9	15	13	8
Par 7-9
7	9
7	5	6	10	9
7	5	6	10	22	16	9
7	5	6	10	22	27	26	21	16	9
Par 7-20
7	9	15	20
7	9	13	14	19	20
7	9	13	15	20
7	9	13	14	15	20
Par 7-21
7	9	16	21
7	9	15	21
7	9	13	15	21
7	9	13	14	15	21
Par 8-22
8	9	16	22
8	9	10	22
8	13	9	16	22
8	13	9	16	22
Par 8-23
8	4	12	11	17	23
8	13	14	19	18	24	23
8	13	14	11	17	23
8	13	12	11	17	23
Par 8-24
8	13	14	19	18	24
8	4	12	11	18	24
8	9	13	14	19	18	24
8	13	14	11	18	24
Par 8-25
8	13	14	19	20	25
8	13	15	20	25
8	13	14	15	20	25
8	9	15	20	25
Par 8-26
8	9	16	21	26
8	13	15	21	26
8	13	14	15	21	26
8	9	15	21	26
Par 8-27
8	9	16	22	27
8	9	16	21	26	27
8	9	10	22	27
8	9	10	22	27
Par 8-28
8	9	16	22	27	28
8	13	14	19	20	25	28
8	9	16	21	26	27	28
8	13	15	20	25	28
Par 8-10
8	9	10
8	13	9	10
8	9	16	22	10
8	4	12	13	9	10
Par 8-11
8	4	12	11
8	13	14	11
8	13	12	11
8	4	3	11
Par 8-12
8	4	12
8	13	12
8	9	13	12
8	4	3	12
Par 8-13
8	13
8	9	13
8	4	12	13
8	9	15	13
Par 8-14
8	13	14
8	9	13	14
8	4	12	13	14
8	13	15	14
Par 8-15
8	13	15
8	13	14	15
8	9	15
8	9	15
Par 8-16
8	9	16
8	13	9	16
8	13	15	21	16
8	4	12	13	9	16
Par 8-17
8	4	12	11	17
8	13	14	11	17
8	13	12	11	17
8	4	3	11	17
Par 8-18
8	13	14	19	18
8	4	12	11	18
8	9	13	14	19	18
8	13	14	11	18
Par 8-19
8	13	14	19
8	9	13	14	19
8	4	12	13	14	19
8	13	15	14	19
Par 8-1
8	4	1
8	4	3	2	1
8	13	12	4	1
8	13	12	4	1
Par 8-2
8	4	3	2
8	4	12	3	2
8	4	1	2
8	13	12	3	2
Par 8-3
8	4	3
8	4	12	3
8	13	12	3
8	13	12	3
Par 8-4
8	4
8	13	12	4
8	9	13	12	4
8	13	14	11	12	4
Par 8-5
8	9	7	5
8	13	9	7	5
8	4	12	13	9	7	5
8	13	15	9	7	5
Par 8-6
8	9	7	5	6
8	9	10	6
8	13	9	7	5	6
8	13	9	7	5	6
Par 8-7
8	9	7
8	13	9	7
8	4	12	13	9	7
8	13	15	9	7
Par 8-9
8	9
8	13	9
8	4	12	13	9
8	13	15	9
Par 8-20
8	13	14	19	20
8	13	15	20
8	13	14	15	20
8	9	15	20
Par 8-21
8	9	16	21
8	13	15	21
8	13	14	15	21
8	9	15	21
Par 9-22
9	16	22
9	10	22
9	16	21	26	27	22
9	15	21	16	22
Par 9-23
9	13	14	19	18	24	23
9	13	14	11	17	23
9	13	12	11	17	23
9	13	12	11	17	23
Par 9-24
9	13	14	19	18	24
9	8	13	14	19	18	24
9	15	14	19	18	24
9	13	14	11	18	24
Par 9-25
9	15	20	25
9	13	14	19	20	25
9	13	15	20	25
9	16	21	26	25
Par 9-26
9	16	21	26
9	15	21	26
9	16	22	27	26
9	13	15	21	26
Par 9-27
9	16	22	27
9	16	21	26	27
9	10	22	27
9	10	22	27
Par 9-28
9	16	22	27	28
9	16	21	26	27	28
9	15	20	25	28
9	15	20	25	28
Par 9-10
9	10
9	16	22	10
9	7	5	6	10
9	16	21	26	27	22	10
Par 9-11
9	13	14	11
9	13	12	11
9	8	4	12	11
9	8	4	12	11
Par 9-12
9	13	12
9	8	4	12
9	8	13	12
9	15	13	12
Par 9-13
9	13
9	8	13
9	15	13
9	15	14	13
Par 9-14
9	13	14
9	8	13	14
9	15	14
9	13	15	14
Par 9-15
9	15
9	13	15
9	13	14	15
9	16	21	15
Par 9-16
9	16
9	15	21	16
9	13	15	21	16
9	13	14	15	21	16
Par 9-17
9	13	14	11	17
9	13	12	11	17
9	8	4	12	11	17
9	8	4	12	11	17
Par 9-18
9	13	14	19	18
9	8	13	14	19	18
9	15	14	19	18
9	13	14	11	18
Par 9-19
9	13	14	19
9	8	13	14	19
9	15	14	19
9	13	15	14	19
Par 9-1
9	8	4	1
9	13	12	4	1
9	8	4	3	2	1
9	13	12	3	2	1
Par 9-2
9	13	12	3	2
9	8	4	3	2
9	13	14	11	3	2
9	13	12	4	3	2
Par 9-3
9	13	12	3
9	8	4	3
9	13	14	11	3
9	13	12	4	3
Par 9-4
9	8	4
9	13	12	4
9	8	13	12	4
9	13	8	4
Par 9-5
9	7	5
9	10	6	5
9	16	22	10	6	5
9	16	21	26	27	22	10	6	5
Par 9-6
9	7	5	6
9	10	6
9	16	22	10	6
9	16	21	26	27	22	10	6
Par 9-7
9	7
9	10	6	5	7
9	16	22	10	6	5	7
9	16	21	26	27	22	10	6	5	7
Par 9-8
9	8
9	13	8
9	13	12	4	8
9	15	13	8
Par 9-20
9	15	20
9	13	14	19	20
9	13	15	20
9	13	14	15	20
Par 9-21
9	16	21
9	15	21
9	13	15	21
9	13	14	15	21
Par 20-22
20	15	21	16	22
20	15	9	16	22
20	19	14	13	9	16	22
20	19	14	13	9	16	22
Par 20-23
20	19	18	24	23
20	19	14	11	17	23
20	15	14	19	18	24	23
20	19	18	11	17	23
Par 20-24
20	19	18	24
20	15	14	19	18	24
20	15	13	14	19	18	24
20	19	14	11	18	24
Par 20-25
20	25
20	15	21	26	25
20	19	14	15	21	26	25
20	19	14	13	15	21	26	25
Par 20-26
20	25	26
20	15	21	26
20	19	14	15	21	26
20	19	14	13	15	21	26
Par 20-27
20	25	26	27
20	15	21	26	27
20	15	21	16	22	27
20	19	14	15	21	26	27
Par 20-28
20	25	28
20	15	21	26	27	28
20	25	26	27	28
20	15	21	16	22	27	28
Par 20-10
20	15	9	10
20	19	14	13	9	10
20	15	13	9	10
20	15	14	13	9	10
Par 20-11
20	19	14	11
20	15	14	11
20	19	18	11
20	19	14	13	12	11
Par 20-12
20	19	14	13	12
20	15	13	12
20	15	14	13	12
20	19	14	11	12
Par 20-13
20	19	14	13
20	15	13
20	15	14	13
20	19	14	15	13
Par 20-14
20	19	14
20	15	14
20	15	13	14
20	19	18	11	14
Par 20-15
20	15
20	19	14	15
20	19	14	13	15
20	19	14	13	9	15
Par 20-16
20	15	21	16
20	15	9	16
20	19	14	13	9	16
20	19	14	13	9	16
Par 20-17
20	19	14	11	17
20	15	14	11	17
20	19	18	11	17
20	19	14	13	12	11	17
Par 20-18
20	19	18
20	15	14	19	18
20	15	13	14	19	18
20	19	14	11	18
Par 20-19
20	19
20	15	14	19
20	15	13	14	19
20	15	9	13	14	19
Par 20-1
20	19	14	13	12	4	1
20	15	13	12	4	1
20	19	14	11	3	2	1
20	15	14	13	12	4	1
Par 20-2
20	19	14	11	3	2
20	19	14	13	12	3	2
20	15	13	12	3	2
20	19	18	11	3	2
Par 20-3
20	19	14	11	3
20	19	14	13	12	3
20	15	13	12	3
20	19	18	11	3
Par 20-4
20	19	14	13	12	4
20	15	13	12	4
20	15	14	13	12	4
20	19	14	11	12	4
Par 20-5
20	15	9	7	5
20	19	14	13	9	7	5
20	15	13	9	7	5
20	15	14	13	9	7	5
Par 20-6
20	15	9	7	5	6
20	19	14	13	9	7	5	6
20	15	13	9	7	5	6
20	15	9	10	6
Par 20-7
20	15	9	7
20	19	14	13	9	7
20	15	13	9	7
20	15	14	13	9	7
Par 20-8
20	19	14	13	8
20	15	13	8
20	15	14	13	8
20	15	9	8
Par 20-9
20	15	9
20	19	14	13	9
20	15	13	9
20	15	14	13	9
Par 20-21
20	15	21
20	19	14	15	21
20	19	14	13	15	21
20	25	26	21
Par 21-22
21	16	22
21	26	27	22
21	15	9	16	22
21	16	9	10	22
Par 21-23
21	15	14	19	18	24	23
21	15	14	11	17	23
21	15	13	14	19	18	24	23
21	15	13	14	19	18	24	23
Par 21-24
21	15	14	19	18	24
21	15	13	14	19	18	24
21	15	20	19	18	24
21	16	9	13	14	19	18	24
Par 21-25
21	26	25
21	15	20	25
21	15	14	19	20	25
21	15	13	14	19	20	25
Par 21-26
21	26
21	16	22	27	26
21	15	20	25	26
21	15	14	19	20	25	26
Par 21-27
21	26	27
21	16	22	27
21	15	9	16	22	27
21	16	9	10	22	27
Par 21-28
21	26	27	28
21	16	22	27	28
21	26	25	28
21	15	20	25	28
Par 21-10
21	16	9	10
21	16	22	10
21	26	27	22	10
21	26	27	22	10
Par 21-11
21	15	14	11
21	15	13	14	11
21	15	13	12	11
21	15	14	13	12	11
Par 21-12
21	15	13	12
21	15	14	13	12
21	16	9	13	12
21	16	9	13	12
Par 21-13
21	15	13
21	15	14	13
21	16	9	13
21	16	9	13
Par 21-14
21	15	14
21	15	13	14
21	16	9	13	14
21	16	9	13	14
Par 21-15
21	15
21	16	9	15
21	16	9	13	15
21	16	9	13	14	15
Par 21-16
21	16
21	15	9	16
21	26	27	22	16
21	15	13	9	16
Par 21-17
21	15	14	11	17
21	15	13	14	11	17
21	15	13	12	11	17
21	15	14	13	12	11	17
Par 21-18
21	15	14	19	18
21	15	13	14	19	18
21	15	20	19	18
21	16	9	13	14	19	18
Par 21-19
21	15	14	19
21	15	13	14	19
21	15	20	19
21	16	9	13	14	19
Par 21-1
21	15	13	12	4	1
21	15	14	13	12	4	1
21	16	9	8	4	1
21	16	9	8	4	1
Par 21-2
21	15	13	12	3	2
21	15	14	11	3	2
21	15	13	14	11	3	2
21	15	13	12	4	3	2
Par 21-3
21	15	13	12	3
21	15	14	11	3
21	15	13	14	11	3
21	15	13	12	4	3
Par 21-4
21	15	13	12	4
21	15	14	13	12	4
21	16	9	8	4
21	16	9	8	4
Par 21-5
21	16	9	7	5
21	15	9	7	5
21	15	13	9	7	5
21	15	14	13	9	7	5
Par 21-6
21	16	9	7	5	6
21	16	9	10	6
21	16	22	10	6
21	16	22	10	6
Par 21-7
21	16	9	7
21	15	9	7
21	15	13	9	7
21	15	14	13	9	7
Par 21-8
21	16	9	8
21	15	13	8
21	15	14	13	8
21	15	9	8
Par 21-9
21	16	9
21	15	9
21	15	13	9
21	15	14	13	9
Par 21-20
21	15	20
21	15	14	19	20
21	15	13	14	19	20
21	26	25	20
