Par 11-22
11	12	16	22
11	15	16	22
11	12	16	21	22
11	15	16	21	22
Par 11-12
11	12
11	9	12
11	15	16	12
11	6	9	12
Par 11-23
11	12	16	22	23
11	15	16	22	23
11	12	13	17	23
11	12	16	17	23
Par 11-13
11	12	13
11	9	12	13
11	9	10	13
11	12	9	10	13
Par 11-24
11	12	16	22	23	24
11	15	16	22	23	24
11	12	13	14	18	24
11	12	16	17	18	24
Par 11-14
11	12	13	14
11	9	10	14
11	12	13	10	14
11	12	9	10	14
Par 11-15
11	15
11	12	16	15
11	9	12	16	15
11	12	13	17	16	15
Par 11-16
11	12	16
11	15	16
11	9	12	16
11	12	13	17	16
Par 11-17
11	12	13	17
11	12	16	17
11	15	16	17
11	12	16	22	17
Par 11-18
11	12	13	14	18
11	12	16	17	18
11	12	13	17	18
11	15	16	17	18
Par 11-19
11	19
11	15	20	19
11	12	16	21	20	19
11	15	16	21	20	19
Par 11-1
11	6	1
11	9	6	1
11	6	2	1
11	12	9	6	1
Par 11-2
11	6	2
11	9	6	2
11	6	1	2
11	12	9	6	2
Par 11-3
11	9	7	3
11	9	7	4	3
11	12	9	7	3
11	6	2	3
Par 11-4
11	9	7	4
11	9	7	3	4
11	12	9	7	4
11	6	7	4
Par 11-5
11	9	7	4	5
11	9	7	3	4	5
11	9	10	8	5
11	9	7	3	5
Par 11-6
11	6
11	9	6
11	12	9	6
11	9	7	6
Par 11-7
11	9	7
11	12	9	7
11	6	7
11	9	6	7
Par 11-8
11	9	10	8
11	9	7	8
11	12	13	10	8
11	12	9	10	8
Par 11-9
11	9
11	12	9
11	6	9
11	12	13	10	9
Par 11-20
11	15	20
11	12	16	21	20
11	15	16	21	20
11	19	20
Par 11-10
11	9	10
11	12	13	10
11	12	9	10
11	12	13	14	10
Par 11-21
11	12	16	21
11	15	16	21
11	12	16	22	21
11	15	16	22	21
Par 22-11
22	16	12	11
22	16	15	11
22	21	16	12	11
22	21	16	15	11
Par 22-12
22	16	12
22	21	16	12
22	17	16	12
22	17	13	12
Par 22-23
22	23
22	17	23
22	16	17	23
22	21	16	17	23
Par 22-13
22	17	13
22	23	17	13
22	16	12	13
22	16	17	13
Par 22-24
22	23	24
22	17	18	24
22	17	23	24
22	23	17	18	24
Par 22-14
22	17	13	14
22	17	18	14
22	23	17	13	14
22	16	12	13	14
Par 22-15
22	16	15
22	21	16	15
22	17	16	15
22	21	20	15
Par 22-16
22	16
22	21	16
22	17	16
22	23	17	16
Par 22-17
22	17
22	23	17
22	16	17
22	21	16	17
Par 22-18
22	17	18
22	23	24	18
22	23	17	18
22	16	17	18
Par 22-19
22	21	20	19
22	16	21	20	19
22	16	15	20	19
22	21	16	15	20	19
Par 22-1
22	16	12	9	6	1
22	21	16	12	9	6	1
22	16	12	11	6	1
22	16	15	11	6	1
Par 22-2
22	16	12	9	6	2
22	21	16	12	9	6	2
22	16	12	11	6	2
22	16	15	11	6	2
Par 22-3
22	16	12	9	7	3
22	16	12	9	7	4	3
22	21	16	12	9	7	3
22	21	16	12	9	7	4	3
Par 22-4
22	16	12	9	7	4
22	16	12	9	7	3	4
22	21	16	12	9	7	4
22	21	16	12	9	7	3	4
Par 22-5
22	17	13	10	8	5
22	16	12	9	7	4	5
22	17	13	14	10	8	5
22	23	17	13	10	8	5
Par 22-6
22	16	12	9	6
22	21	16	12	9	6
22	16	12	11	6
22	16	15	11	6
Par 22-7
22	16	12	9	7
22	21	16	12	9	7
22	17	16	12	9	7
22	17	13	12	9	7
Par 22-8
22	17	13	10	8
22	17	13	14	10	8
22	23	17	13	10	8
22	16	12	13	10	8
Par 22-9
22	16	12	9
22	21	16	12	9
22	17	16	12	9
22	17	13	12	9
Par 22-20
22	21	20
22	16	21	20
22	16	15	20
22	21	16	15	20
Par 22-10
22	17	13	10
22	17	13	14	10
22	23	17	13	10
22	16	12	13	10
Par 22-21
22	21
22	16	21
22	17	16	21
22	16	15	20	21
Par 12-11
12	11
12	9	11
12	16	15	11
12	9	6	11
Par 12-22
12	16	22
12	16	21	22
12	13	17	22
12	16	17	22
Par 12-23
12	16	22	23
12	13	17	23
12	16	17	23
12	16	21	22	23
Par 12-13
12	13
12	9	10	13
12	16	17	13
12	9	10	14	13
Par 12-24
12	16	22	23	24
12	13	14	18	24
12	16	17	18	24
12	13	17	18	24
Par 12-14
12	13	14
12	13	10	14
12	9	10	14
12	9	10	13	14
Par 12-15
12	16	15
12	11	15
12	13	17	16	15
12	9	11	15
Par 12-16
12	16
12	11	15	16
12	13	17	16
12	13	17	22	16
Par 12-17
12	13	17
12	16	17
12	16	22	17
12	16	21	22	17
Par 12-18
12	13	14	18
12	16	17	18
12	13	17	18
12	16	22	17	18
Par 12-19
12	11	19
12	16	21	20	19
12	16	22	21	20	19
12	16	15	20	19
Par 12-1
12	9	6	1
12	11	6	1
12	9	6	2	1
12	9	7	6	1
Par 12-2
12	9	6	2
12	11	6	2
12	9	6	1	2
12	9	7	6	2
Par 12-3
12	9	7	3
12	9	7	4	3
12	9	6	2	3
12	11	9	7	3
Par 12-4
12	9	7	4
12	9	7	3	4
12	11	9	7	4
12	9	6	7	4
Par 12-5
12	9	7	4	5
12	13	10	8	5
12	9	7	3	4	5
12	9	10	8	5
Par 12-6
12	9	6
12	11	6
12	9	7	6
12	11	9	6
Par 12-7
12	9	7
12	11	9	7
12	9	6	7
12	13	10	9	7
Par 12-8
12	13	10	8
12	9	10	8
12	9	7	8
12	13	14	10	8
Par 12-9
12	9
12	11	9
12	13	10	9
12	13	14	10	9
Par 12-20
12	16	21	20
12	16	22	21	20
12	16	15	20
12	11	15	20
Par 12-10
12	13	10
12	9	10
12	13	14	10
12	11	9	10
Par 12-21
12	16	21
12	16	22	21
12	13	17	22	21
12	16	17	22	21
Par 23-11
23	22	16	12	11
23	22	16	15	11
23	17	16	12	11
23	22	21	16	12	11
Par 23-22
23	22
23	17	22
23	17	16	22
23	17	16	21	22
Par 23-12
23	22	16	12
23	17	16	12
23	22	21	16	12
23	17	13	12
Par 23-13
23	17	13
23	22	17	13
23	22	16	12	13
23	22	16	17	13
Par 23-24
23	24
23	17	18	24
23	22	17	18	24
23	22	16	17	18	24
Par 23-14
23	17	13	14
23	24	18	14
23	17	18	14
23	22	17	13	14
Par 23-15
23	22	16	15
23	17	16	15
23	22	21	16	15
23	22	17	16	15
Par 23-16
23	22	16
23	17	16
23	22	21	16
23	22	17	16
Par 23-17
23	17
23	22	17
23	22	16	17
23	24	18	17
Par 23-18
23	24	18
23	17	18
23	22	17	18
23	22	16	17	18
Par 23-19
23	22	21	20	19
23	17	22	21	20	19
23	22	16	21	20	19
23	22	16	15	20	19
Par 23-1
23	22	16	12	9	6	1
23	17	16	12	9	6	1
23	22	21	16	12	9	6	1
23	22	16	12	11	6	1
Par 23-2
23	22	16	12	9	6	2
23	17	16	12	9	6	2
23	22	21	16	12	9	6	2
23	22	16	12	11	6	2
Par 23-3
23	22	16	12	9	7	3
23	22	16	12	9	7	4	3
23	17	16	12	9	7	3
23	22	21	16	12	9	7	3
Par 23-4
23	22	16	12	9	7	4
23	22	16	12	9	7	3	4
23	17	16	12	9	7	4
23	22	21	16	12	9	7	4
Par 23-5
23	17	13	10	8	5
23	22	17	13	10	8	5
23	17	13	14	10	8	5
23	17	18	14	10	8	5
Par 23-6
23	22	16	12	9	6
23	17	16	12	9	6
23	22	21	16	12	9	6
23	22	16	12	11	6
Par 23-7
23	22	16	12	9	7
23	17	16	12	9	7
23	22	21	16	12	9	7
23	17	13	12	9	7
Par 23-8
23	17	13	10	8
23	22	17	13	10	8
23	17	13	14	10	8
23	17	18	14	10	8
Par 23-9
23	22	16	12	9
23	17	16	12	9
23	22	21	16	12	9
23	17	13	12	9
Par 23-20
23	22	21	20
23	17	22	21	20
23	22	16	21	20
23	22	16	15	20
Par 23-10
23	17	13	10
23	22	17	13	10
23	17	13	14	10
23	17	18	14	10
Par 23-21
23	22	21
23	17	22	21
23	22	16	21
23	17	16	21
Par 13-11
13	12	11
13	12	9	11
13	10	9	11
13	10	9	12	11
Par 13-22
13	17	22
13	12	16	22
13	17	23	22
13	17	16	22
Par 13-12
13	12
13	10	9	12
13	17	16	12
13	14	10	9	12
Par 13-23
13	17	23
13	17	22	23
13	12	16	22	23
13	17	16	22	23
Par 13-24
13	14	18	24
13	17	18	24
13	17	23	24
13	17	22	23	24
Par 13-14
13	14
13	10	14
13	17	18	14
13	12	9	10	14
Par 13-15
13	12	16	15
13	17	16	15
13	12	11	15
13	17	22	16	15
Par 13-16
13	12	16
13	17	16
13	17	22	16
13	17	22	21	16
Par 13-17
13	17
13	14	18	17
13	12	16	17
13	12	16	22	17
Par 13-18
13	14	18
13	17	18
13	10	14	18
13	12	16	17	18
Par 13-19
13	17	22	21	20	19
13	12	11	19
13	12	16	21	20	19
13	17	16	21	20	19
Par 13-1
13	12	9	6	1
13	10	9	6	1
13	12	11	6	1
13	14	10	9	6	1
Par 13-2
13	12	9	6	2
13	10	9	6	2
13	12	11	6	2
13	14	10	9	6	2
Par 13-3
13	12	9	7	3
13	10	9	7	3
13	12	9	7	4	3
13	10	8	7	3
Par 13-4
13	12	9	7	4
13	10	9	7	4
13	10	8	7	4
13	10	8	5	4
Par 13-5
13	10	8	5
13	14	10	8	5
13	12	9	7	4	5
13	10	9	7	4	5
Par 13-6
13	12	9	6
13	10	9	6
13	12	11	6
13	14	10	9	6
Par 13-7
13	12	9	7
13	10	9	7
13	10	8	7
13	14	10	9	7
Par 13-8
13	10	8
13	14	10	8
13	12	9	10	8
13	12	9	7	8
Par 13-9
13	12	9
13	10	9
13	14	10	9
13	12	11	9
Par 13-20
13	17	22	21	20
13	12	16	21	20
13	17	16	21	20
13	12	16	22	21	20
Par 13-10
13	10
13	14	10
13	12	9	10
13	17	18	14	10
Par 13-21
13	17	22	21
13	12	16	21
13	17	16	21
13	12	16	22	21
Par 24-11
24	23	22	16	12	11
24	23	22	16	15	11
24	18	14	13	12	11
24	18	17	16	12	11
Par 24-22
24	23	22
24	18	17	22
24	23	17	22
24	18	17	23	22
Par 24-12
24	23	22	16	12
24	18	14	13	12
24	18	17	16	12
24	18	17	13	12
Par 24-23
24	23
24	18	17	23
24	18	17	22	23
24	18	17	16	22	23
Par 24-13
24	18	14	13
24	18	17	13
24	23	17	13
24	23	22	17	13
Par 24-14
24	18	14
24	18	17	13	14
24	23	17	13	14
24	23	17	18	14
Par 24-15
24	23	22	16	15
24	18	17	16	15
24	23	17	16	15
24	23	22	21	16	15
Par 24-16
24	23	22	16
24	18	17	16
24	23	17	16
24	23	22	21	16
Par 24-17
24	18	17
24	23	17
24	23	22	17
24	23	22	16	17
Par 24-18
24	18
24	23	17	18
24	23	22	17	18
24	23	22	16	17	18
Par 24-19
24	23	22	21	20	19
24	18	17	22	21	20	19
24	23	17	22	21	20	19
24	23	22	16	21	20	19
Par 24-1
24	18	14	10	9	6	1
24	23	22	16	12	9	6	1
24	18	14	13	12	9	6	1
24	18	17	16	12	9	6	1
Par 24-2
24	18	14	10	9	6	2
24	23	22	16	12	9	6	2
24	18	14	13	12	9	6	2
24	18	17	16	12	9	6	2
Par 24-3
24	18	14	10	9	7	3
24	18	14	10	8	7	3
24	18	14	10	9	7	4	3
24	18	14	10	8	5	4	3
Par 24-4
24	18	14	10	9	7	4
24	18	14	10	8	7	4
24	18	14	10	8	5	4
24	23	22	16	12	9	7	4
Par 24-5
24	18	14	10	8	5
24	18	14	13	10	8	5
24	18	17	13	10	8	5
24	23	17	13	10	8	5
Par 24-6
24	18	14	10	9	6
24	23	22	16	12	9	6
24	18	14	13	12	9	6
24	18	17	16	12	9	6
Par 24-7
24	18	14	10	9	7
24	18	14	10	8	7
24	23	22	16	12	9	7
24	18	14	13	12	9	7
Par 24-8
24	18	14	10	8
24	18	14	13	10	8
24	18	17	13	10	8
24	23	17	13	10	8
Par 24-9
24	18	14	10	9
24	23	22	16	12	9
24	18	14	13	12	9
24	18	17	16	12	9
Par 24-20
24	23	22	21	20
24	18	17	22	21	20
24	23	17	22	21	20
24	23	22	16	21	20
Par 24-10
24	18	14	10
24	18	14	13	10
24	18	17	13	10
24	23	17	13	10
Par 24-21
24	23	22	21
24	18	17	22	21
24	23	17	22	21
24	23	22	16	21
Par 14-11
14	13	12	11
14	10	9	11
14	10	13	12	11
14	10	9	12	11
Par 14-22
14	13	17	22
14	18	17	22
14	13	12	16	22
14	13	17	23	22
Par 14-12
14	13	12
14	10	13	12
14	10	9	12
14	13	10	9	12
Par 14-23
14	13	17	23
14	18	17	23
14	18	24	23
14	13	17	22	23
Par 14-13
14	13
14	10	13
14	18	17	13
14	10	9	12	13
Par 14-24
14	18	24
14	13	17	18	24
14	13	17	23	24
14	18	17	23	24
Par 14-15
14	13	12	16	15
14	13	17	16	15
14	18	17	16	15
14	13	12	11	15
Par 14-16
14	13	12	16
14	13	17	16
14	18	17	16
14	13	17	22	16
Par 14-17
14	13	17
14	18	17
14	10	13	17
14	13	12	16	17
Par 14-18
14	18
14	13	17	18
14	10	13	17	18
14	13	12	16	17	18
Par 14-19
14	13	17	22	21	20	19
14	13	12	11	19
14	18	17	22	21	20	19
14	13	12	16	21	20	19
Par 14-1
14	10	9	6	1
14	13	12	9	6	1
14	10	9	6	2	1
14	13	10	9	6	1
Par 14-2
14	10	9	6	2
14	13	12	9	6	2
14	13	10	9	6	2
14	10	9	6	1	2
Par 14-3
14	10	9	7	3
14	10	8	7	3
14	10	9	7	4	3
14	10	8	5	4	3
Par 14-4
14	10	9	7	4
14	10	8	7	4
14	10	8	5	4
14	10	9	7	3	4
Par 14-5
14	10	8	5
14	13	10	8	5
14	10	9	7	4	5
14	10	8	7	4	5
Par 14-6
14	10	9	6
14	13	12	9	6
14	13	10	9	6
14	10	9	7	6
Par 14-7
14	10	9	7
14	10	8	7
14	13	12	9	7
14	13	10	9	7
Par 14-8
14	10	8
14	13	10	8
14	10	9	7	8
14	13	12	9	10	8
Par 14-9
14	10	9
14	13	12	9
14	13	10	9
14	10	13	12	9
Par 14-20
14	13	17	22	21	20
14	18	17	22	21	20
14	13	12	16	21	20
14	13	17	16	21	20
Par 14-10
14	10
14	13	10
14	13	12	9	10
14	18	17	13	10
Par 14-21
14	13	17	22	21
14	18	17	22	21
14	13	12	16	21
14	13	17	16	21
Par 15-11
15	11
15	16	12	11
15	16	12	9	11
15	16	17	13	12	11
Par 15-22
15	16	22
15	16	21	22
15	16	17	22
15	20	21	22
Par 15-12
15	16	12
15	11	12
15	16	17	13	12
15	11	9	12
Par 15-23
15	16	22	23
15	16	17	23
15	16	21	22	23
15	16	17	22	23
Par 15-13
15	16	12	13
15	16	17	13
15	11	12	13
15	16	22	17	13
Par 15-24
15	16	22	23	24
15	16	17	18	24
15	16	21	22	23	24
15	16	17	23	24
Par 15-14
15	16	12	13	14
15	16	17	13	14
15	16	17	18	14
15	11	12	13	14
Par 15-16
15	16
15	20	21	16
15	11	12	16
15	20	21	22	16
Par 15-17
15	16	17
15	16	22	17
15	16	21	22	17
15	16	22	23	17
Par 15-18
15	16	17	18
15	16	22	17	18
15	16	21	22	17	18
15	16	22	23	24	18
Par 15-19
15	20	19
15	16	21	20	19
15	16	22	21	20	19
15	11	19
Par 15-1
15	11	6	1
15	16	12	9	6	1
15	11	9	6	1
15	11	6	2	1
Par 15-2
15	11	6	2
15	16	12	9	6	2
15	11	9	6	2
15	11	6	1	2
Par 15-3
15	16	12	9	7	3
15	16	12	9	7	4	3
15	11	9	7	3
15	11	9	7	4	3
Par 15-4
15	16	12	9	7	4
15	11	9	7	4
15	16	12	9	7	3	4
15	11	9	7	3	4
Par 15-5
15	16	12	9	7	4	5
15	11	9	7	4	5
15	16	12	13	10	8	5
15	16	12	9	7	3	4	5
Par 15-6
15	11	6
15	16	12	9	6
15	11	9	6
15	16	12	11	6
Par 15-7
15	16	12	9	7
15	11	9	7
15	11	12	9	7
15	11	6	7
Par 15-8
15	16	12	13	10	8
15	16	12	9	10	8
15	16	17	13	10	8
15	11	9	10	8
Par 15-9
15	16	12	9
15	11	9
15	11	12	9
15	16	12	11	9
Par 15-20
15	20
15	16	21	20
15	16	22	21	20
15	16	17	22	21	20
Par 15-10
15	16	12	13	10
15	16	12	9	10
15	16	17	13	10
15	11	9	10
Par 15-21
15	16	21
15	16	22	21
15	20	21
15	16	17	22	21
Par 16-11
16	12	11
16	15	11
16	12	9	11
16	17	13	12	11
Par 16-22
16	22
16	21	22
16	17	22
16	17	23	22
Par 16-12
16	12
16	15	11	12
16	17	13	12
16	22	17	13	12
Par 16-23
16	22	23
16	17	23
16	21	22	23
16	17	22	23
Par 16-13
16	12	13
16	17	13
16	22	17	13
16	21	22	17	13
Par 16-24
16	22	23	24
16	17	18	24
16	21	22	23	24
16	17	23	24
Par 16-14
16	12	13	14
16	17	13	14
16	17	18	14
16	22	17	13	14
Par 16-15
16	15
16	21	20	15
16	12	11	15
16	22	21	20	15
Par 16-17
16	17
16	22	17
16	21	22	17
16	22	23	17
Par 16-18
16	17	18
16	22	17	18
16	21	22	17	18
16	22	23	24	18
Par 16-19
16	21	20	19
16	22	21	20	19
16	15	20	19
16	17	22	21	20	19
Par 16-1
16	12	9	6	1
16	12	11	6	1
16	15	11	6	1
16	12	9	6	2	1
Par 16-2
16	12	9	6	2
16	12	11	6	2
16	15	11	6	2
16	12	9	6	1	2
Par 16-3
16	12	9	7	3
16	12	9	7	4	3
16	12	9	6	2	3
16	12	11	9	7	3
Par 16-4
16	12	9	7	4
16	12	9	7	3	4
16	12	11	9	7	4
16	12	9	6	7	4
Par 16-5
16	12	9	7	4	5
16	12	13	10	8	5
16	12	9	7	3	4	5
16	12	9	10	8	5
Par 16-6
16	12	9	6
16	12	11	6
16	15	11	6
16	12	9	7	6
Par 16-7
16	12	9	7
16	12	11	9	7
16	12	9	6	7
16	15	11	9	7
Par 16-8
16	12	13	10	8
16	12	9	10	8
16	17	13	10	8
16	12	9	7	8
Par 16-9
16	12	9
16	12	11	9
16	15	11	9
16	12	13	10	9
Par 16-20
16	21	20
16	22	21	20
16	15	20
16	17	22	21	20
Par 16-10
16	12	13	10
16	12	9	10
16	17	13	10
16	12	13	14	10
Par 16-21
16	21
16	22	21
16	17	22	21
16	15	20	21
Par 17-11
17	16	12	11
17	13	12	11
17	16	15	11
17	22	16	12	11
Par 17-22
17	22
17	23	22
17	16	22
17	16	21	22
Par 17-12
17	16	12
17	13	12
17	22	16	12
17	22	21	16	12
Par 17-23
17	23
17	22	23
17	16	22	23
17	18	24	23
Par 17-13
17	13
17	18	14	13
17	16	12	13
17	22	16	12	13
Par 17-24
17	18	24
17	23	24
17	22	23	24
17	16	22	23	24
Par 17-14
17	13	14
17	18	14
17	13	10	14
17	16	12	13	14
Par 17-15
17	16	15
17	22	16	15
17	22	21	16	15
17	23	22	16	15
Par 17-16
17	16
17	22	16
17	22	21	16
17	23	22	16
Par 17-18
17	18
17	23	24	18
17	13	14	18
17	22	23	24	18
Par 17-19
17	22	21	20	19
17	16	21	20	19
17	23	22	21	20	19
17	16	22	21	20	19
Par 17-1
17	16	12	9	6	1
17	13	12	9	6	1
17	13	10	9	6	1
17	16	12	11	6	1
Par 17-2
17	16	12	9	6	2
17	13	12	9	6	2
17	13	10	9	6	2
17	16	12	11	6	2
Par 17-3
17	16	12	9	7	3
17	13	12	9	7	3
17	13	10	9	7	3
17	16	12	9	7	4	3
Par 17-4
17	16	12	9	7	4
17	13	12	9	7	4
17	13	10	9	7	4
17	13	10	8	7	4
Par 17-5
17	13	10	8	5
17	13	14	10	8	5
17	18	14	10	8	5
17	13	12	9	7	4	5
Par 17-6
17	16	12	9	6
17	13	12	9	6
17	13	10	9	6
17	16	12	11	6
Par 17-7
17	16	12	9	7
17	13	12	9	7
17	13	10	9	7
17	13	10	8	7
Par 17-8
17	13	10	8
17	13	14	10	8
17	18	14	10	8
17	18	14	13	10	8
Par 17-9
17	16	12	9
17	13	12	9
17	13	10	9
17	13	14	10	9
Par 17-20
17	22	21	20
17	16	21	20
17	23	22	21	20
17	16	22	21	20
Par 17-10
17	13	10
17	13	14	10
17	18	14	10
17	18	14	13	10
Par 17-21
17	22	21
17	16	21
17	23	22	21
17	16	22	21
Par 18-11
18	14	13	12	11
18	17	16	12	11
18	17	13	12	11
18	17	16	15	11
Par 18-22
18	17	22
18	24	23	22
18	17	23	22
18	17	16	22
Par 18-12
18	14	13	12
18	17	16	12
18	17	13	12
18	17	22	16	12
Par 18-23
18	17	23
18	24	23
18	17	22	23
18	17	16	22	23
Par 18-13
18	14	13
18	17	13
18	14	10	13
18	17	16	12	13
Par 18-24
18	24
18	17	23	24
18	17	22	23	24
18	17	16	22	23	24
Par 18-14
18	14
18	17	13	14
18	17	13	10	14
18	17	16	12	13	14
Par 18-15
18	17	16	15
18	17	22	16	15
18	17	22	21	16	15
18	24	23	22	16	15
Par 18-16
18	17	16
18	17	22	16
18	17	22	21	16
18	24	23	22	16
Par 18-17
18	17
18	24	23	17
18	14	13	17
18	24	23	22	17
Par 18-19
18	17	22	21	20	19
18	24	23	22	21	20	19
18	17	16	21	20	19
18	17	23	22	21	20	19
Par 18-1
18	14	10	9	6	1
18	14	13	12	9	6	1
18	17	16	12	9	6	1
18	14	10	9	6	2	1
Par 18-2
18	14	10	9	6	2
18	14	13	12	9	6	2
18	17	16	12	9	6	2
18	14	13	10	9	6	2
Par 18-3
18	14	10	9	7	3
18	14	10	8	7	3
18	14	10	9	7	4	3
18	14	10	8	5	4	3
Par 18-4
18	14	10	9	7	4
18	14	10	8	7	4
18	14	10	8	5	4
18	14	10	9	7	3	4
Par 18-5
18	14	10	8	5
18	14	13	10	8	5
18	17	13	10	8	5
18	17	13	14	10	8	5
Par 18-6
18	14	10	9	6
18	14	13	12	9	6
18	17	16	12	9	6
18	14	13	10	9	6
Par 18-7
18	14	10	9	7
18	14	10	8	7
18	14	13	12	9	7
18	17	16	12	9	7
Par 18-8
18	14	10	8
18	14	13	10	8
18	17	13	10	8
18	17	13	14	10	8
Par 18-9
18	14	10	9
18	14	13	12	9
18	17	16	12	9
18	14	13	10	9
Par 18-20
18	17	22	21	20
18	24	23	22	21	20
18	17	16	21	20
18	17	23	22	21	20
Par 18-10
18	14	10
18	14	13	10
18	17	13	10
18	17	13	14	10
Par 18-21
18	17	22	21
18	24	23	22	21
18	17	16	21
18	17	23	22	21
Par 19-11
19	11
19	20	15	11
19	20	21	16	12	11
19	20	21	16	15	11
Par 19-22
19	20	21	22
19	20	21	16	22
19	20	15	16	22
19	20	15	16	21	22
Par 19-12
19	11	12
19	20	21	16	12
19	20	21	22	16	12
19	20	15	16	12
Par 19-23
19	20	21	22	23
19	20	21	22	17	23
19	20	21	16	22	23
19	20	15	16	22	23
Par 19-13
19	20	21	22	17	13
19	11	12	13
19	20	21	16	12	13
19	20	21	22	23	17	13
Par 19-24
19	20	21	22	23	24
19	20	21	22	17	18	24
19	20	21	22	17	23	24
19	20	21	16	22	23	24
Par 19-14
19	20	21	22	17	13	14
19	11	12	13	14
19	20	21	22	17	18	14
19	20	21	16	12	13	14
Par 19-15
19	20	15
19	20	21	16	15
19	20	21	22	16	15
19	11	15
Par 19-16
19	20	21	16
19	20	21	22	16
19	20	15	16
19	20	21	22	17	16
Par 19-17
19	20	21	22	17
19	20	21	16	17
19	20	21	22	23	17
19	20	21	22	16	17
Par 19-18
19	20	21	22	17	18
19	20	21	16	17	18
19	20	21	22	23	24	18
19	20	21	22	23	17	18
Par 19-1
19	11	6	1
19	11	9	6	1
19	11	6	2	1
19	11	12	9	6	1
Par 19-2
19	11	6	2
19	11	9	6	2
19	11	6	1	2
19	11	12	9	6	2
Par 19-3
19	11	9	7	3
19	11	9	7	4	3
19	11	12	9	7	3
19	11	6	2	3
Par 19-4
19	11	9	7	4
19	11	9	7	3	4
19	11	12	9	7	4
19	11	6	7	4
Par 19-5
19	11	9	7	4	5
19	11	9	7	3	4	5
19	11	9	10	8	5
19	11	9	7	3	5
Par 19-6
19	11	6
19	11	9	6
19	11	12	9	6
19	20	15	11	6
Par 19-7
19	11	9	7
19	11	12	9	7
19	11	6	7
19	20	21	16	12	9	7
Par 19-8
19	11	9	10	8
19	20	21	22	17	13	10	8
19	11	9	7	8
19	11	12	13	10	8
Par 19-9
19	11	9
19	11	12	9
19	20	21	16	12	9
19	20	21	22	16	12	9
Par 19-20
19	20
19	11	15	20
19	11	12	16	21	20
19	11	15	16	21	20
Par 19-10
19	11	9	10
19	20	21	22	17	13	10
19	11	12	13	10
19	11	12	9	10
Par 19-21
19	20	21
19	20	15	16	21
19	20	15	16	22	21
19	20	15	16	17	22	21
Par 1-11
1	6	11
1	6	9	11
1	2	6	11
1	6	9	12	11
Par 1-22
1	6	9	12	16	22
1	6	11	12	16	22
1	6	9	12	16	21	22
1	6	11	15	16	22
Par 1-12
1	6	9	12
1	6	11	12
1	2	6	9	12
1	6	7	9	12
Par 1-23
1	6	9	12	16	22	23
1	6	11	12	16	22	23
1	6	9	12	13	17	23
1	6	9	12	16	17	23
Par 1-13
1	6	9	12	13
1	6	9	10	13
1	6	11	12	13
1	6	9	10	14	13
Par 1-24
1	6	9	10	14	18	24
1	6	9	12	16	22	23	24
1	6	9	12	13	14	18	24
1	2	6	9	10	14	18	24
Par 1-14
1	6	9	10	14
1	6	9	12	13	14
1	2	6	9	10	14
1	6	9	10	13	14
Par 1-15
1	6	11	15
1	6	9	12	16	15
1	6	9	11	15
1	2	6	11	15
Par 1-16
1	6	9	12	16
1	6	11	12	16
1	6	11	15	16
1	2	6	9	12	16
Par 1-17
1	6	9	12	13	17
1	6	9	12	16	17
1	6	9	10	13	17
1	6	11	12	13	17
Par 1-18
1	6	9	10	14	18
1	6	9	12	13	14	18
1	2	6	9	10	14	18
1	6	9	10	13	14	18
Par 1-19
1	6	11	19
1	6	9	11	19
1	2	6	11	19
1	6	9	12	11	19
Par 1-2
1	2
1	6	2
1	6	7	3	2
1	6	7	4	3	2
Par 1-3
1	2	3
1	6	2	3
1	6	7	3
1	6	7	4	3
Par 1-4
1	2	3	4
1	6	7	4
1	6	2	3	4
1	6	7	3	4
Par 1-5
1	2	3	4	5
1	2	3	5
1	6	7	4	5
1	6	2	3	4	5
Par 1-6
1	6
1	2	6
1	2	3	7	6
1	2	3	4	7	6
Par 1-7
1	6	7
1	2	6	7
1	2	3	7
1	2	3	4	7
Par 1-8
1	6	7	8
1	2	6	7	8
1	2	3	7	8
1	6	9	10	8
Par 1-9
1	6	9
1	2	6	9
1	6	7	9
1	2	6	7	9
Par 1-20
1	6	11	15	20
1	6	9	12	16	21	20
1	6	9	12	16	22	21	20
1	6	9	12	16	15	20
Par 1-10
1	6	9	10
1	2	6	9	10
1	6	7	9	10
1	6	7	8	10
Par 1-21
1	6	9	12	16	21
1	6	9	12	16	22	21
1	6	11	12	16	21
1	6	11	15	16	21
Par 2-11
2	6	11
2	6	9	11
2	1	6	11
2	6	9	12	11
Par 2-22
2	6	9	12	16	22
2	6	11	12	16	22
2	6	9	12	16	21	22
2	6	11	15	16	22
Par 2-12
2	6	9	12
2	6	11	12
2	1	6	9	12
2	6	7	9	12
Par 2-23
2	6	9	12	16	22	23
2	6	11	12	16	22	23
2	6	9	12	13	17	23
2	6	9	12	16	17	23
Par 2-13
2	6	9	12	13
2	6	9	10	13
2	6	11	12	13
2	6	9	10	14	13
Par 2-24
2	6	9	10	14	18	24
2	6	9	12	16	22	23	24
2	6	9	12	13	14	18	24
2	6	9	10	13	14	18	24
Par 2-14
2	6	9	10	14
2	6	9	12	13	14
2	6	9	10	13	14
2	1	6	9	10	14
Par 2-15
2	6	11	15
2	6	9	12	16	15
2	6	9	11	15
2	1	6	11	15
Par 2-16
2	6	9	12	16
2	6	11	12	16
2	6	11	15	16
2	1	6	9	12	16
Par 2-17
2	6	9	12	13	17
2	6	9	12	16	17
2	6	9	10	13	17
2	6	11	12	13	17
Par 2-18
2	6	9	10	14	18
2	6	9	12	13	14	18
2	6	9	10	13	14	18
2	6	9	12	16	17	18
Par 2-19
2	6	11	19
2	6	9	11	19
2	1	6	11	19
2	6	9	12	11	19
Par 2-1
2	1
2	6	1
2	3	7	6	1
2	3	4	7	6	1
Par 2-3
2	3
2	6	7	3
2	6	7	4	3
2	1	6	7	3
Par 2-4
2	3	4
2	6	7	4
2	3	7	4
2	3	5	4
Par 2-5
2	3	4	5
2	3	5
2	6	7	4	5
2	3	7	4	5
Par 2-6
2	6
2	1	6
2	3	7	6
2	3	4	7	6
Par 2-7
2	6	7
2	3	7
2	3	4	7
2	1	6	7
Par 2-8
2	6	7	8
2	3	7	8
2	3	4	5	8
2	3	4	7	8
Par 2-9
2	6	9
2	1	6	9
2	6	7	9
2	3	7	9
Par 2-20
2	6	11	15	20
2	6	9	12	16	21	20
2	6	9	12	16	22	21	20
2	6	9	12	16	15	20
Par 2-10
2	6	9	10
2	1	6	9	10
2	6	7	9	10
2	3	7	9	10
Par 2-21
2	6	9	12	16	21
2	6	9	12	16	22	21
2	6	11	12	16	21
2	6	11	15	16	21
Par 3-11
3	7	9	11
3	4	7	9	11
3	7	9	12	11
3	2	6	11
Par 3-22
3	7	9	12	16	22
3	4	7	9	12	16	22
3	7	9	12	16	21	22
3	4	7	9	12	16	21	22
Par 3-12
3	7	9	12
3	4	7	9	12
3	2	6	9	12
3	7	6	9	12
Par 3-23
3	7	9	12	16	22	23
3	4	7	9	12	16	22	23
3	7	9	12	13	17	23
3	7	9	12	16	17	23
Par 3-13
3	7	9	12	13
3	7	9	10	13
3	4	7	9	12	13
3	7	8	10	13
Par 3-24
3	7	9	10	14	18	24
3	7	8	10	14	18	24
3	4	7	9	10	14	18	24
3	4	5	8	10	14	18	24
Par 3-14
3	7	9	10	14
3	7	8	10	14
3	4	7	9	10	14
3	4	5	8	10	14
Par 3-15
3	7	9	12	16	15
3	4	7	9	12	16	15
3	7	9	11	15
3	4	7	9	11	15
Par 3-16
3	7	9	12	16
3	4	7	9	12	16
3	2	6	9	12	16
3	7	6	9	12	16
Par 3-17
3	7	9	12	13	17
3	7	9	12	16	17
3	7	9	10	13	17
3	4	7	9	12	13	17
Par 3-18
3	7	9	10	14	18
3	7	8	10	14	18
3	4	7	9	10	14	18
3	4	5	8	10	14	18
Par 3-19
3	7	9	11	19
3	4	7	9	11	19
3	7	9	12	11	19
3	2	6	11	19
Par 3-1
3	2	1
3	2	6	1
3	7	6	1
3	4	7	6	1
Par 3-2
3	2
3	7	6	2
3	4	7	6	2
3	7	6	1	2
Par 3-4
3	4
3	7	4
3	5	4
3	2	6	7	4
Par 3-5
3	4	5
3	5
3	7	4	5
3	7	8	5
Par 3-6
3	2	6
3	7	6
3	4	7	6
3	2	1	6
Par 3-7
3	7
3	4	7
3	5	4	7
3	2	6	7
Par 3-8
3	7	8
3	4	5	8
3	4	7	8
3	5	8
Par 3-9
3	7	9
3	4	7	9
3	2	6	9
3	7	6	9
Par 3-20
3	7	9	12	16	21	20
3	4	7	9	12	16	21	20
3	7	9	12	16	22	21	20
3	4	7	9	12	16	22	21	20
Par 3-10
3	7	9	10
3	7	8	10
3	4	7	9	10
3	4	5	8	10
Par 3-21
3	7	9	12	16	21
3	4	7	9	12	16	21
3	7	9	12	16	22	21
3	4	7	9	12	16	22	21
Par 4-11
4	7	9	11
4	3	7	9	11
4	7	9	12	11
4	7	6	11
Par 4-22
4	7	9	12	16	22
4	3	7	9	12	16	22
4	7	9	12	16	21	22
4	3	7	9	12	16	21	22
Par 4-12
4	7	9	12
4	3	7	9	12
4	7	6	9	12
4	7	9	11	12
Par 4-23
4	7	9	12	16	22	23
4	3	7	9	12	16	22	23
4	7	9	12	13	17	23
4	7	9	12	16	17	23
Par 4-13
4	7	9	12	13
4	7	9	10	13
4	5	8	10	13
4	7	8	10	13
Par 4-24
4	7	9	10	14	18	24
4	5	8	10	14	18	24
4	7	8	10	14	18	24
4	7	9	12	16	22	23	24
Par 4-14
4	7	9	10	14
4	5	8	10	14
4	7	8	10	14
4	3	7	9	10	14
Par 4-15
4	7	9	12	16	15
4	7	9	11	15
4	3	7	9	12	16	15
4	3	7	9	11	15
Par 4-16
4	7	9	12	16
4	3	7	9	12	16
4	7	6	9	12	16
4	7	9	11	12	16
Par 4-17
4	7	9	12	13	17
4	7	9	12	16	17
4	7	9	10	13	17
4	5	8	10	13	17
Par 4-18
4	7	9	10	14	18
4	5	8	10	14	18
4	7	8	10	14	18
4	3	7	9	10	14	18
Par 4-19
4	7	9	11	19
4	3	7	9	11	19
4	7	9	12	11	19
4	7	6	11	19
Par 4-1
4	3	2	1
4	7	6	1
4	3	2	6	1
4	3	7	6	1
Par 4-2
4	3	2
4	7	6	2
4	7	3	2
4	5	3	2
Par 4-3
4	3
4	7	3
4	5	3
4	7	6	2	3
Par 4-5
4	5
4	3	5
4	7	3	5
4	7	8	5
Par 4-6
4	7	6
4	3	2	6
4	3	7	6
4	7	9	6
Par 4-7
4	7
4	3	7
4	5	3	7
4	5	8	7
Par 4-8
4	5	8
4	7	8
4	3	7	8
4	3	5	8
Par 4-9
4	7	9
4	3	7	9
4	7	6	9
4	3	2	6	9
Par 4-20
4	7	9	12	16	21	20
4	7	9	12	16	22	21	20
4	7	9	12	16	15	20
4	3	7	9	12	16	21	20
Par 4-10
4	7	9	10
4	5	8	10
4	7	8	10
4	3	7	9	10
Par 4-21
4	7	9	12	16	21
4	7	9	12	16	22	21
4	3	7	9	12	16	21
4	3	7	9	12	16	22	21
Par 5-11
5	4	7	9	11
5	4	3	7	9	11
5	3	7	9	11
5	8	10	9	11
Par 5-22
5	8	10	13	17	22
5	4	7	9	12	16	22
5	8	10	14	13	17	22
5	8	10	13	12	16	22
Par 5-12
5	4	7	9	12
5	8	10	13	12
5	4	3	7	9	12
5	3	7	9	12
Par 5-23
5	8	10	13	17	23
5	8	10	13	17	22	23
5	8	10	14	13	17	23
5	8	10	14	18	17	23
Par 5-13
5	8	10	13
5	8	10	14	13
5	4	7	9	12	13
5	4	7	9	10	13
Par 5-24
5	8	10	14	18	24
5	8	10	13	14	18	24
5	8	10	13	17	18	24
5	8	10	13	17	23	24
Par 5-14
5	8	10	14
5	8	10	13	14
5	4	7	9	10	14
5	4	7	8	10	14
Par 5-15
5	4	7	9	12	16	15
5	4	7	9	11	15
5	8	10	13	12	16	15
5	4	3	7	9	12	16	15
Par 5-16
5	4	7	9	12	16
5	8	10	13	12	16
5	4	3	7	9	12	16
5	3	7	9	12	16
Par 5-17
5	8	10	13	17
5	8	10	14	13	17
5	8	10	14	18	17
5	4	7	9	12	13	17
Par 5-18
5	8	10	14	18
5	8	10	13	14	18
5	8	10	13	17	18
5	8	10	14	13	17	18
Par 5-19
5	4	7	9	11	19
5	4	3	7	9	11	19
5	3	7	9	11	19
5	8	10	9	11	19
Par 5-1
5	4	3	2	1
5	3	2	1
5	4	7	6	1
5	4	3	2	6	1
Par 5-2
5	4	3	2
5	3	2
5	4	7	6	2
5	4	7	3	2
Par 5-3
5	4	3
5	3
5	4	7	3
5	8	7	3
Par 5-4
5	4
5	3	4
5	3	7	4
5	8	7	4
Par 5-6
5	4	7	6
5	4	3	2	6
5	3	2	6
5	4	3	7	6
Par 5-7
5	4	7
5	4	3	7
5	3	7
5	3	4	7
Par 5-8
5	8
5	4	7	8
5	4	3	7	8
5	3	7	8
Par 5-9
5	4	7	9
5	4	3	7	9
5	3	7	9
5	8	10	9
Par 5-20
5	8	10	13	17	22	21	20
5	4	7	9	12	16	21	20
5	4	7	9	12	16	22	21	20
5	8	10	14	13	17	22	21	20
Par 5-10
5	8	10
5	4	7	9	10
5	4	7	8	10
5	4	3	7	9	10
Par 5-21
5	8	10	13	17	22	21
5	4	7	9	12	16	21
5	4	7	9	12	16	22	21
5	8	10	14	13	17	22	21
Par 6-11
6	11
6	9	11
6	9	12	11
6	7	9	11
Par 6-22
6	9	12	16	22
6	11	12	16	22
6	9	12	16	21	22
6	11	15	16	22
Par 6-12
6	9	12
6	11	12
6	7	9	12
6	9	11	12
Par 6-23
6	9	12	16	22	23
6	11	12	16	22	23
6	9	12	13	17	23
6	9	12	16	17	23
Par 6-13
6	9	12	13
6	9	10	13
6	11	12	13
6	9	10	14	13
Par 6-24
6	9	10	14	18	24
6	9	12	16	22	23	24
6	9	12	13	14	18	24
6	9	10	13	14	18	24
Par 6-14
6	9	10	14
6	9	12	13	14
6	9	10	13	14
6	7	9	10	14
Par 6-15
6	11	15
6	9	12	16	15
6	9	11	15
6	11	12	16	15
Par 6-16
6	9	12	16
6	11	12	16
6	11	15	16
6	7	9	12	16
Par 6-17
6	9	12	13	17
6	9	12	16	17
6	9	10	13	17
6	11	12	13	17
Par 6-18
6	9	10	14	18
6	9	12	13	14	18
6	9	10	13	14	18
6	9	12	16	17	18
Par 6-19
6	11	19
6	9	11	19
6	9	12	11	19
6	11	15	20	19
Par 6-1
6	1
6	2	1
6	7	3	2	1
6	7	4	3	2	1
Par 6-2
6	2
6	1	2
6	7	3	2
6	7	4	3	2
Par 6-3
6	2	3
6	7	3
6	7	4	3
6	1	2	3
Par 6-4
6	7	4
6	2	3	4
6	7	3	4
6	9	7	4
Par 6-5
6	7	4	5
6	2	3	4	5
6	7	3	4	5
6	2	3	5
Par 6-7
6	7
6	9	7
6	2	3	7
6	2	3	4	7
Par 6-8
6	7	8
6	9	10	8
6	9	7	8
6	7	4	5	8
Par 6-9
6	9
6	7	9
6	11	9
6	11	12	9
Par 6-20
6	11	15	20
6	9	12	16	21	20
6	9	12	16	22	21	20
6	9	12	16	15	20
Par 6-10
6	9	10
6	7	9	10
6	7	8	10
6	9	12	13	10
Par 6-21
6	9	12	16	21
6	9	12	16	22	21
6	11	12	16	21
6	11	15	16	21
Par 7-11
7	9	11
7	9	12	11
7	6	11
7	6	9	11
Par 7-22
7	9	12	16	22
7	9	12	16	21	22
7	9	12	13	17	22
7	9	12	16	17	22
Par 7-12
7	9	12
7	6	9	12
7	9	11	12
7	9	10	13	12
Par 7-23
7	9	12	16	22	23
7	9	12	13	17	23
7	9	12	16	17	23
7	9	12	16	21	22	23
Par 7-13
7	9	12	13
7	9	10	13
7	8	10	13
7	9	10	14	13
Par 7-24
7	9	10	14	18	24
7	8	10	14	18	24
7	9	12	16	22	23	24
7	9	12	13	14	18	24
Par 7-14
7	9	10	14
7	8	10	14
7	9	12	13	14
7	9	10	13	14
Par 7-15
7	9	12	16	15
7	9	11	15
7	9	12	11	15
7	6	11	15
Par 7-16
7	9	12	16
7	6	9	12	16
7	9	11	12	16
7	9	11	15	16
Par 7-17
7	9	12	13	17
7	9	12	16	17
7	9	10	13	17
7	8	10	13	17
Par 7-18
7	9	10	14	18
7	8	10	14	18
7	9	12	13	14	18
7	9	10	13	14	18
Par 7-19
7	9	11	19
7	9	12	11	19
7	6	11	19
7	9	12	16	21	20	19
Par 7-1
7	6	1
7	6	2	1
7	3	2	1
7	4	3	2	1
Par 7-2
7	6	2
7	3	2
7	4	3	2
7	6	1	2
Par 7-3
7	3
7	4	3
7	4	5	3
7	6	2	3
Par 7-4
7	4
7	3	4
7	3	5	4
7	8	5	4
Par 7-5
7	4	5
7	3	4	5
7	3	5
7	4	3	5
Par 7-6
7	6
7	9	6
7	3	2	6
7	4	3	2	6
Par 7-8
7	8
7	4	5	8
7	9	10	8
7	3	4	5	8
Par 7-9
7	9
7	6	9
7	8	10	9
7	3	2	6	9
Par 7-20
7	9	12	16	21	20
7	9	12	16	22	21	20
7	9	12	16	15	20
7	9	11	15	20
Par 7-10
7	9	10
7	8	10
7	6	9	10
7	4	5	8	10
Par 7-21
7	9	12	16	21
7	9	12	16	22	21
7	9	12	13	17	22	21
7	9	12	16	17	22	21
Par 8-11
8	10	9	11
8	7	9	11
8	10	13	12	11
8	10	9	12	11
Par 8-22
8	10	13	17	22
8	10	14	13	17	22
8	10	13	12	16	22
8	10	13	17	23	22
Par 8-12
8	10	13	12
8	10	9	12
8	7	9	12
8	10	14	13	12
Par 8-23
8	10	13	17	23
8	10	13	17	22	23
8	10	14	13	17	23
8	10	14	18	17	23
Par 8-13
8	10	13
8	10	14	13
8	10	9	12	13
8	7	9	12	13
Par 8-24
8	10	14	18	24
8	10	13	14	18	24
8	10	13	17	18	24
8	10	13	17	23	24
Par 8-14
8	10	14
8	10	13	14
8	7	9	10	14
8	10	9	12	13	14
Par 8-15
8	10	13	12	16	15
8	10	9	12	16	15
8	10	13	17	16	15
8	10	9	11	15
Par 8-16
8	10	13	12	16
8	10	9	12	16
8	10	13	17	16
8	7	9	12	16
Par 8-17
8	10	13	17
8	10	14	13	17
8	10	14	18	17
8	10	13	14	18	17
Par 8-18
8	10	14	18
8	10	13	14	18
8	10	13	17	18
8	10	14	13	17	18
Par 8-19
8	10	9	11	19
8	10	13	17	22	21	20	19
8	7	9	11	19
8	10	13	12	11	19
Par 8-1
8	7	6	1
8	7	6	2	1
8	7	3	2	1
8	10	9	6	1
Par 8-2
8	7	6	2
8	7	3	2
8	5	4	3	2
8	7	4	3	2
Par 8-3
8	7	3
8	5	4	3
8	7	4	3
8	5	3
Par 8-4
8	7	4
8	5	4
8	7	3	4
8	5	3	4
Par 8-5
8	5
8	7	4	5
8	7	3	4	5
8	7	3	5
Par 8-6
8	7	6
8	10	9	6
8	7	9	6
8	5	4	7	6
Par 8-7
8	7
8	5	4	7
8	10	9	7
8	5	4	3	7
Par 8-9
8	10	9
8	7	9
8	7	6	9
8	10	13	12	9
Par 8-20
8	10	13	17	22	21	20
8	10	14	13	17	22	21	20
8	10	13	12	16	21	20
8	10	9	12	16	21	20
Par 8-10
8	10
8	7	9	10
8	7	6	9	10
8	5	4	7	9	10
Par 8-21
8	10	13	17	22	21
8	10	14	13	17	22	21
8	10	13	12	16	21
8	10	9	12	16	21
Par 9-11
9	11
9	12	11
9	6	11
9	10	13	12	11
Par 9-22
9	12	16	22
9	12	16	21	22
9	12	13	17	22
9	12	16	17	22
Par 9-12
9	12
9	11	12
9	10	13	12
9	10	14	13	12
Par 9-23
9	12	16	22	23
9	12	13	17	23
9	12	16	17	23
9	12	16	21	22	23
Par 9-13
9	12	13
9	10	13
9	10	14	13
9	11	12	13
Par 9-24
9	10	14	18	24
9	12	16	22	23	24
9	12	13	14	18	24
9	10	13	14	18	24
Par 9-14
9	10	14
9	12	13	14
9	10	13	14
9	12	13	10	14
Par 9-15
9	12	16	15
9	11	15
9	12	11	15
9	11	12	16	15
Par 9-16
9	12	16
9	11	12	16
9	11	15	16
9	10	13	12	16
Par 9-17
9	12	13	17
9	12	16	17
9	10	13	17
9	10	14	13	17
Par 9-18
9	10	14	18
9	12	13	14	18
9	10	13	14	18
9	12	16	17	18
Par 9-19
9	11	19
9	12	11	19
9	12	16	21	20	19
9	12	16	22	21	20	19
Par 9-1
9	6	1
9	6	2	1
9	7	6	1
9	7	6	2	1
Par 9-2
9	6	2
9	6	1	2
9	7	6	2
9	7	3	2
Par 9-3
9	7	3
9	7	4	3
9	6	2	3
9	6	7	3
Par 9-4
9	7	4
9	7	3	4
9	6	7	4
9	6	2	3	4
Par 9-5
9	7	4	5
9	7	3	4	5
9	10	8	5
9	7	3	5
Par 9-6
9	6
9	7	6
9	11	6
9	12	11	6
Par 9-7
9	7
9	6	7
9	10	8	7
9	6	2	3	7
Par 9-8
9	10	8
9	7	8
9	6	7	8
9	12	13	10	8
Par 9-20
9	12	16	21	20
9	12	16	22	21	20
9	12	16	15	20
9	11	15	20
Par 9-10
9	10
9	12	13	10
9	7	8	10
9	12	13	14	10
Par 9-21
9	12	16	21
9	12	16	22	21
9	12	13	17	22	21
9	12	16	17	22	21
Par 20-11
20	15	11
20	21	16	12	11
20	21	16	15	11
20	19	11
Par 20-22
20	21	22
20	21	16	22
20	15	16	22
20	15	16	21	22
Par 20-12
20	21	16	12
20	21	22	16	12
20	15	16	12
20	15	11	12
Par 20-23
20	21	22	23
20	21	22	17	23
20	21	16	22	23
20	15	16	22	23
Par 20-13
20	21	22	17	13
20	21	16	12	13
20	21	22	23	17	13
20	21	16	17	13
Par 20-24
20	21	22	23	24
20	21	22	17	18	24
20	21	22	17	23	24
20	21	16	22	23	24
Par 20-14
20	21	22	17	13	14
20	21	22	17	18	14
20	21	16	12	13	14
20	21	22	23	17	13	14
Par 20-15
20	15
20	21	16	15
20	21	22	16	15
20	21	22	17	16	15
Par 20-16
20	21	16
20	21	22	16
20	15	16
20	21	22	17	16
Par 20-17
20	21	22	17
20	21	16	17
20	21	22	23	17
20	21	22	16	17
Par 20-18
20	21	22	17	18
20	21	16	17	18
20	21	22	23	24	18
20	21	22	23	17	18
Par 20-19
20	19
20	15	11	19
20	21	16	12	11	19
20	21	16	15	11	19
Par 20-1
20	15	11	6	1
20	21	16	12	9	6	1
20	21	22	16	12	9	6	1
20	15	16	12	9	6	1
Par 20-2
20	15	11	6	2
20	21	16	12	9	6	2
20	21	22	16	12	9	6	2
20	15	16	12	9	6	2
Par 20-3
20	21	16	12	9	7	3
20	21	16	12	9	7	4	3
20	21	22	16	12	9	7	3
20	15	16	12	9	7	3
Par 20-4
20	21	16	12	9	7	4
20	21	22	16	12	9	7	4
20	15	16	12	9	7	4
20	21	16	12	9	7	3	4
Par 20-5
20	21	22	17	13	10	8	5
20	21	16	12	9	7	4	5
20	21	22	16	12	9	7	4	5
20	15	16	12	9	7	4	5
Par 20-6
20	15	11	6
20	21	16	12	9	6
20	21	22	16	12	9	6
20	15	16	12	9	6
Par 20-7
20	21	16	12	9	7
20	21	22	16	12	9	7
20	15	16	12	9	7
20	15	11	9	7
Par 20-8
20	21	22	17	13	10	8
20	21	16	12	13	10	8
20	21	22	17	13	14	10	8
20	21	16	12	9	10	8
Par 20-9
20	21	16	12	9
20	21	22	16	12	9
20	15	16	12	9
20	15	11	9
Par 20-10
20	21	22	17	13	10
20	21	16	12	13	10
20	21	22	17	13	14	10
20	21	16	12	9	10
Par 20-21
20	21
20	15	16	21
20	15	16	22	21
20	15	16	17	22	21
Par 10-11
10	9	11
10	13	12	11
10	9	12	11
10	14	13	12	11
Par 10-22
10	13	17	22
10	14	13	17	22
10	13	12	16	22
10	13	17	23	22
Par 10-12
10	13	12
10	9	12
10	14	13	12
10	9	11	12
Par 10-23
10	13	17	23
10	13	17	22	23
10	14	13	17	23
10	14	18	17	23
Par 10-13
10	13
10	14	13
10	9	12	13
10	14	18	17	13
Par 10-24
10	14	18	24
10	13	14	18	24
10	13	17	18	24
10	13	17	23	24
Par 10-14
10	14
10	13	14
10	9	12	13	14
10	13	17	18	14
Par 10-15
10	13	12	16	15
10	9	12	16	15
10	13	17	16	15
10	9	11	15
Par 10-16
10	13	12	16
10	9	12	16
10	13	17	16
10	14	13	12	16
Par 10-17
10	13	17
10	14	13	17
10	14	18	17
10	13	14	18	17
Par 10-18
10	14	18
10	13	14	18
10	13	17	18
10	14	13	17	18
Par 10-19
10	9	11	19
10	13	17	22	21	20	19
10	13	12	11	19
10	9	12	11	19
Par 10-1
10	9	6	1
10	9	6	2	1
10	9	7	6	1
10	8	7	6	1
Par 10-2
10	9	6	2
10	9	6	1	2
10	9	7	6	2
10	8	7	6	2
Par 10-3
10	9	7	3
10	8	7	3
10	9	7	4	3
10	8	5	4	3
Par 10-4
10	9	7	4
10	8	7	4
10	8	5	4
10	9	7	3	4
Par 10-5
10	8	5
10	9	7	4	5
10	8	7	4	5
10	9	7	3	4	5
Par 10-6
10	9	6
10	9	7	6
10	8	7	6
10	13	12	9	6
Par 10-7
10	9	7
10	8	7
10	9	6	7
10	8	5	4	7
Par 10-8
10	8
10	9	7	8
10	9	6	7	8
10	9	7	4	5	8
Par 10-9
10	9
10	13	12	9
10	8	7	9
10	14	13	12	9
Par 10-20
10	13	17	22	21	20
10	14	13	17	22	21	20
10	13	12	16	21	20
10	9	12	16	21	20
Par 10-21
10	13	17	22	21
10	14	13	17	22	21
10	13	12	16	21
10	9	12	16	21
Par 21-11
21	16	12	11
21	16	15	11
21	22	16	12	11
21	22	16	15	11
Par 21-22
21	22
21	16	22
21	16	17	22
21	20	15	16	22
Par 21-12
21	16	12
21	22	16	12
21	22	17	16	12
21	22	17	13	12
Par 21-23
21	22	23
21	22	17	23
21	16	22	23
21	16	17	23
Par 21-13
21	22	17	13
21	16	12	13
21	22	23	17	13
21	16	17	13
Par 21-24
21	22	23	24
21	22	17	18	24
21	22	17	23	24
21	16	22	23	24
Par 21-14
21	22	17	13	14
21	22	17	18	14
21	16	12	13	14
21	22	23	17	13	14
Par 21-15
21	16	15
21	22	16	15
21	20	15
21	22	17	16	15
Par 21-16
21	16
21	22	16
21	22	17	16
21	20	15	16
Par 21-17
21	22	17
21	16	17
21	22	23	17
21	22	16	17
Par 21-18
21	22	17	18
21	16	17	18
21	22	23	24	18
21	22	23	17	18
Par 21-19
21	20	19
21	16	15	20	19
21	22	16	15	20	19
21	22	17	16	15	20	19
Par 21-1
21	16	12	9	6	1
21	22	16	12	9	6	1
21	16	12	11	6	1
21	16	15	11	6	1
Par 21-2
21	16	12	9	6	2
21	22	16	12	9	6	2
21	16	12	11	6	2
21	16	15	11	6	2
Par 21-3
21	16	12	9	7	3
21	16	12	9	7	4	3
21	22	16	12	9	7	3
21	22	16	12	9	7	4	3
Par 21-4
21	16	12	9	7	4
21	22	16	12	9	7	4
21	16	12	9	7	3	4
21	22	16	12	9	7	3	4
Par 21-5
21	22	17	13	10	8	5
21	16	12	9	7	4	5
21	22	16	12	9	7	4	5
21	22	17	13	14	10	8	5
Par 21-6
21	16	12	9	6
21	22	16	12	9	6
21	16	12	11	6
21	16	15	11	6
Par 21-7
21	16	12	9	7
21	22	16	12	9	7
21	22	17	16	12	9	7
21	22	17	13	12	9	7
Par 21-8
21	22	17	13	10	8
21	16	12	13	10	8
21	22	17	13	14	10	8
21	16	12	9	10	8
Par 21-9
21	16	12	9
21	22	16	12	9
21	22	17	16	12	9
21	22	17	13	12	9
Par 21-20
21	20
21	16	15	20
21	22	16	15	20
21	22	17	16	15	20
Par 21-10
21	22	17	13	10
21	16	12	13	10
21	22	17	13	14	10
21	16	12	9	10
